Genomic_bins	3_paired	6_paired	4_paired	7_paired	2_paired	1_paired	5_paired
Ac.bin.443	0.080709	0.039992	0.20982	0.0	0.4480515	0.683914	0.219068
Ac.bin.115	0.199599	0.820945	0.681035	0.266243	0.228858	0.351697	0.659834
Re.bin.132	0.024033	0.023137	0.057693	0.620069	0.02129	0.081075	0.013975
Re.bin.149	0.834511	0.985449	0.995912	0.015872	0.13622	0.693196	1.161971
Ac.bin.442	0.0817425	0.28242	0.2073515	0.048204	0.109273	0.787714	0.354656
Ac.bin.180	0.0	0.10397	0.138044	0.051352	0.540689	0.1968	0.026774
Re.bin.283	0.152398	0.31816	0.250952	0.0	0.203693	0.378492	0.230196
Ac.bin.120	0.601878	0.659626	1.031876	0.218341	0.107651	0.437176	1.495207
Re.bin.167	0.059866	0.046194	0.108862	0.0	0.106245	0.222962	0.050014
Re.bin.316	0.054429	0.177814	0.1076175	0.0	0.122986	0.199268	0.261588
Ac.bin.271	0.153357	0.1969	0.352271	0.011903	0.360189	0.511534	0.342543
Ac.bin.38	0.29718	0.102046	0.511938	0.248794	0.056267	0.7132825	0.527588
Ac.bin.466	0.3818105	0.532618	0.6269295	0.031204000000000003	0.1425865	0.3068915	0.724872
Re.bin.33	0.069291	0.088215	0.264171	0.006118	0.143399	0.5014135	0.3200205
Re.bin.338	0.130411	0.056131	0.283611	0.011606	0.178114	0.305196	0.311737
Ac.bin.214	0.119499	0.298388	0.296076	0.0	0.173225	0.316682	0.35335
Re.bin.320	0.389926	0.021966	0.526237	0.003286	0.314894	1.085834	0.550789
Ac.bin.45	0.573876	0.93956	0.920194	0.039127	0.147509	0.328667	1.458928
Ac.bin.481	0.0346725	0.359874	0.5165314999999999	0.07905	1.277426	0.58782	0.37294000000000005
Ac.bin.196	0.314932	0.446969	0.471652	0.006655	0.339685	0.480994	0.448514
Re.bin.202	0.650088	0.47507	0.762579	0.002707	0.193477	0.332762	0.634486
Ac.bin.323	2.077919	0.363828	0.222847	0.034819	0.505033	1.396736	0.153826
Ac.bin.70	0.355137	0.283422	0.218896	0.003772	0.288848	0.662549	0.243471
Re.bin.55	0.131815	0.072684	0.039564	0.010873	2.0821104999999998	0.521192	0.07948
Re.bin.372	0.073253	0.096677	0.2271715	0.101121	0.075688	0.13419199999999998	0.098136
Ac.bin.188	0.29447	0.189789	0.293444	0.016271	0.633686	0.882153	0.382895
Re.bin.399	0.296293	0.5300815	1.063564	0.006464	0.789553	0.601193	1.26792
Re.bin.326	0.177368	0.1292895	0.200567	0.0310755	0.18624000000000002	0.5242635	0.205869
Ac.bin.207	0.914579	0.174108	0.602885	0.0	0.197163	0.591294	0.691754
Ac.bin.503	0.194829	0.206848	0.289686	0.010275	0.259258	0.468727	0.332424
Ac.bin.498	0.157846	0.210392	0.368004	0.016204	0.280554	0.549822	0.349393
Ac.bin.426	0.677238	1.080522	1.102534	0.017318	0.199343	0.640004	1.486427
Ac.bin.41	0.846957	1.142642	0.887335	0.014122	0.556855	1.193071	0.810167
Re.bin.314	0.518429	0.402965	1.004017	0.062275	1.253192	0.878429	0.705915
Ac.bin.391	4.739214	2.321679	2.510949	0.014241	0.344489	0.173225	2.237969
Ac.bin.201	0.2121045	0.215446	0.32572049999999997	0.005255	0.193937	0.411056	0.361407
Re.bin.39	0.979442	0.746946	1.31177	0.024507	0.5262884999999999	0.548713	1.305063
Ac.bin.119	0.134408	0.0746845	0.0974535	0.068879	0.536943	0.513191	0.047397
Ac.bin.140	0.099528	0.133456	0.136953	0.0	0.546774	0.684412	0.153997
Re.bin.214	0.431344	0.575063	0.692899	0.063905	0.134109	0.298182	0.936988
Ac.bin.408	0.149828	0.114035	0.518605	0.005753	0.209247	0.392065	0.497417
Re.bin.364	0.012237	0.0	0.0	0.0	1.185502	0.63775	0.0
Ac.bin.447	0.145325	0.173144	0.176269	0.023151	0.145841	0.322527	0.181132
Ac.bin.72	0.018366	0.058445	0.178288	0.018361	0.202688	0.310562	0.180149
Re.bin.281	0.05497	0.034748	0.198263	0.0	0.190197	0.454122	0.114928
Ac.bin.144	0.230649	0.54674	0.469861	0.065281	0.088612	0.453851	0.49203
Ac.bin.181	0.170189	0.23535	0.394405	0.00311	0.253579	0.524828	0.322801
Re.bin.15	0.027869	0.058521	0.104777	0.0	0.3063045	0.4014595	0.080894
Re.bin.99	0.288163	0.389056	0.764737	0.038034	0.1439	0.392803	0.720823
Ac.bin.198	0.349558	0.280364	0.445087	0.035872	0.182504	0.277111	0.431051
Ac.bin.504	0.06817000000000001	0.3810835	0.1631755	0.018471	0.1100885	0.2437395	0.1129925
Ac.bin.216	0.062105	0.275712	0.35065	0.0322245	0.15391749999999998	0.380667	0.339609
Re.bin.348	0.065109	0.124791	0.185463	0.0	0.09617300000000001	0.2586855	0.196123
Ac.bin.269	0.162698	0.199929	0.300125	0.025179	0.250346	0.5018265	0.32968200000000003
Re.bin.298	0.225622	0.1620225	0.51484	0.017089	0.22129500000000002	0.27353099999999997	0.3450085
Ac.bin.418	0.022701	0.07355	0.078024	0.122253	0.052	0.195126	0.053842
Ac.bin.182	0.17303049999999998	0.191381	0.362156	0.0137	0.41431799999999996	0.686975	0.358952
Ac.bin.339	0.312114	0.314987	0.690388	0.015126	0.329213	0.647876	0.525147
Ac.bin.268	0.312795	0.312061	0.594756	0.033877	1.150802	1.352863	0.737428
Re.bin.118	0.041662000000000005	0.0	0.039789	0.0	1.9428225000000001	0.134922	0.038606
Ac.bin.118	0.113764	0.136572	0.255389	0.010819	0.712195	1.029572	0.309628
Re.bin.270	0.019418	0.056811	0.117389	0.0	0.348199	0.20803	0.22764
Re.bin.32	15.883901	14.308289	17.796678	0.018161	0.566524	1.276084	12.923963
Re.bin.385	0.009319	0.538811	0.26572	0.0	0.008213	0.055493	0.302049
Ac.bin.147	0.035643	0.060906	0.168089	0.014441	0.243797	0.16712	0.15543
Ac.bin.19	0.14766849999999998	0.291326	0.357952	0.0	0.271133	0.406564	0.3309515
Re.bin.93	0.3203605	1.058695	0.7983495	0.01763	0.377576	0.867447	0.643149
Ac.bin.227	0.339378	0.734645	0.94357	0.015637	0.183724	0.661911	0.83845
Ac.bin.258	0.444367	0.417871	0.409109	0.009601	0.575682	0.831753	0.477342
Ac.bin.407	0.103342	0.037864	0.055604	0.007053	0.489321	0.642534	0.066381
Re.bin.315	0.679521	0.0	0.3133885	0.0	0.319791	0.37607749999999995	0.058823
Re.bin.280	0.09381	0.095792	0.179606	0.074772	0.07641	0.236287	0.210878
Re.bin.363	0.132045	0.318791	0.37719	0.271283	0.045852	0.031605	0.270402
Re.bin.289	0.009119	0.023004	0.002265	0.004741	0.929223	0.474533	0.056108
Ac.bin.480	0.064708	0.109387	0.270589	0.0	0.149981	0.238925	0.285688
Re.bin.211	0.10528850000000001	0.153744	0.309055	0.0348985	0.165974	0.3984895	0.28651
Ac.bin.116	0.071648	0.0	0.126573	0.0	0.175338	0.475516	0.064019
Ac.bin.145	0.121468	0.083847	0.284663	0.010147	0.242942	0.378442	0.244431
Re.bin.69	0.056926	0.068647	0.088796	0.0	0.126043	0.254551	0.159879
Re.bin.85	0.156636	0.335582	0.5376035	0.04614	0.092523	0.14961	0.25523
Re.bin.165	0.143741	0.029089	0.313701	0.058178	0.357521	0.752743	0.388637
Re.bin.122	0.2959385	0.144297	0.2985455	0.0	0.113875	0.26853150000000003	0.299405
Ac.bin.362	0.107105	0.1110755	0.159938	0.008944	0.162237	0.272595	0.132728
Re.bin.31	0.17365	0.462654	0.222177	0.02968	0.149201	0.5293145	0.240595
Ac.bin.319	0.183374	0.371137	0.316435	0.0037	0.223906	1.006049	0.435713
Ac.bin.89	0.822104	0.986072	0.382911	0.0	0.395786	0.451778	0.287118
Ac.bin.4	0.344156	0.106147	0.42388	0.043884	0.709856	0.462181	0.555137
Ac.bin.335	0.045428	0.244559	0.768185	0.0	0.200061	0.32914	0.661893
Ac.bin.425	7.80499	1.921573	3.483498	0.0	0.242468	0.776978	3.061143
Ac.bin.77	0.277425	0.269184	0.396814	0.046871	0.152693	0.329351	0.442771
Re.bin.188	0.0	0.032064	0.346606	0.0185385	0.018541	0.099446	0.275975
Re.bin.383	0.311864	1.833052	2.028022	0.078956	0.13967349999999998	0.10456299999999999	2.5890125
Re.bin.198	0.324291	0.48503	0.453447	0.004871	0.371834	0.35987	0.50526
Re.bin.370	0.2209235	0.151466	0.37523	0.040647	0.179332	0.2671615	0.420818
Ac.bin.281	0.023455	0.005696	0.035728	3.357544	0.004132	0.016052	0.034096
Re.bin.379	0.681126	1.341198	0.890072	0.052691	0.238951	0.861361	1.210263
Ac.bin.29	0.3402175	0.068807	0.5799865	0.056971	0.036695	0.0933715	0.432787
Re.bin.152	0.185589	0.4429865	0.714399	0.004159	0.098434	0.410067	0.536161
Re.bin.287	0.0	0.158117	0.0	1.658045	0.0	0.144349	0.0
Re.bin.6	0.160513	0.0	0.350298	0.0	0.214232	0.959303	0.848541
Re.bin.282	0.219956	0.031302	0.0642925	0.0	0.357516	0.470415	0.22307
Re.bin.386	0.002601	0.0	0.002599	0.000906	2.217601	0.836206	0.001259
Re.bin.179	0.002839	0.013531	0.021285	0.005946	2.957958	2.137223	0.008248
Ac.bin.448	0.11254	0.0894045	0.23005	0.032819	0.33890149999999997	0.329406	0.205537
Re.bin.52	0.11374	0.025325	0.255698	0.017962	0.17702800000000002	0.23684650000000002	0.295991
Ac.bin.191	0.249333	0.256961	0.30144	0.020976	0.315595	0.533194	0.329403
Ac.bin.334	0.047348	0.1197135	0.25438500000000003	1.1823155	0.060665000000000004	0.354719	0.2078475
Ac.bin.389	0.071547	0.039646	0.113247	0.001112	0.828568	0.629223	0.085891
Ac.bin.137	0.0264365	0.1270675	0.1050905	0.0	0.7391920000000001	0.8382235	0.1466355
Re.bin.335	0.038096	0.044855	0.131246	0.098978	0.143129	0.18283	0.118426
Ac.bin.34	0.558669	1.785976	1.834672	0.031689	0.070938	0.090228	3.483037
Ac.bin.47	0.204785	0.19096	0.6244	0.082603	0.081711	0.470933	0.597226
Ac.bin.23	0.248171	0.111446	0.3252445	0.008859	0.211335	0.4519955	0.441529
Re.bin.146	0.400807	0.339371	0.89429	0.045981	0.192669	0.238485	0.591926
Ac.bin.222	1.612598	0.658399	1.145546	0.078416	0.335413	0.653755	1.77312
Re.bin.1	0.455119	0.6232614999999999	0.8698085	0.008632	0.782608	0.886417	0.920276
Re.bin.310	0.055788	0.051937	0.174148	0.025289	0.097648	0.194303	0.133395
Re.bin.127	0.147974	0.036338	0.222166	0.0	0.4170765	0.586893	0.239792
Ac.bin.220	0.618674	1.878874	1.178202	0.007499	0.147305	0.421798	1.619886
Re.bin.317	0.19757249999999998	0.25696	0.325431	0.041982	0.314181	0.359119	0.3806495
Ac.bin.241	0.346077	0.835634	0.994118	0.017776	0.124379	0.843278	1.59927
Re.bin.268	0.078876	0.419609	0.130011	0.0	1.056799	0.353293	0.0
Re.bin.45	0.0	0.104856	0.031392	0.0	0.0	0.109116	0.0
Ac.bin.374	0.225671	0.5205085	0.429876	0.0	0.35352	0.405773	0.3989195
Re.bin.113	0.173727	0.530894	0.451048	0.0	0.134581	0.2818125	0.338194
Ac.bin.67	0.31812799999999997	0.31938	0.446678	0.0	0.346855	0.5057705	0.407516
Ac.bin.280	0.258824	0.018028	0.400865	0.001791	0.085891	0.346073	0.569599
Ac.bin.459	0.00833	0.028604	0.073619	0.005987	0.633047	0.115082	0.084353
Ac.bin.321	0.301517	0.248643	0.48403	0.032753	0.182349	0.719028	0.446995
Ac.bin.445	0.229531	0.295768	0.481287	0.026497	0.119641	0.257065	0.380093
Ac.bin.190	0.137654	0.035942	0.145406	0.033742	0.455975	0.691411	0.102672
Re.bin.170	0.101989	0.354434	0.24388	0.052523	0.11529049999999999	0.256876	0.186741
Ac.bin.17	0.259546	0.320902	0.204387	0.001677	0.320587	0.405398	0.238749
Re.bin.233	0.043023000000000006	0.1158605	0.087927	0.0	0.299734	0.233611	0.084315
Re.bin.266	0.178381	0.491114	0.466409	0.027426	0.057587	0.188989	0.3041
Re.bin.7	0.11384	1.0285375	1.1430225	0.015258	0.036472	0.10395	1.437448
Re.bin.178	16.632316	0.232	3.542241	0.039693	14.009734	16.841084	2.814771
Ac.bin.81	0.119435	0.241006	0.327124	0.008646	0.165788	0.418287	0.331972
Ac.bin.121	0.081412	0.02834	0.140906	0.011621	0.293066	0.405174	0.134624
Re.bin.120	0.1520175	0.3302	0.4191135	0.05235	0.170072	0.255948	0.318302
Re.bin.350	0.208856	0.080563	0.449751	0.013284	0.197125	0.884982	0.473891
Ac.bin.206	0.18414	0.165915	0.272612	0.0	0.209427	0.345034	0.270402
Ac.bin.401	0.221348	0.320316	0.458801	0.018911	0.138413	0.287794	0.364964
Re.bin.250	0.132921	0.009768	0.092224	0.020755	12.103742	3.037207	0.05747
Re.bin.216	0.5700415	0.165038	0.69871	0.0	0.329793	0.263708	0.5613604999999999
Ac.bin.203	0.53263	0.517932	0.590833	0.010795	0.120883	0.210629	0.628975
Re.bin.148	0.060757	0.23211	0.227974	0.014505	0.211259	0.60141	0.203321
Ac.bin.170	0.024015	0.462003	0.182144	0.035726	0.00411	0.036231	0.157275
Re.bin.196	0.027072	0.4754705	0.249019	0.0997315	0.097973	0.2008955	0.180173
Ac.bin.71	0.167579	0.234732	0.245026	0.017304	0.352896	0.797838	0.2550265
Ac.bin.111	0.016325	0.011408	0.008205	0.0	0.90179	0.471535	0.009936
Re.bin.381	0.16084	0.181743	0.248869	0.009269	0.0728905	0.118032	0.199442
Ac.bin.477	0.074588	0.182611	0.262666	0.001364	0.2347595	0.3364695	0.184441
Ac.bin.73	0.923542	0.81239	0.695288	0.033836	0.151699	0.324804	0.663557
Re.bin.341	0.220126	0.33689199999999997	0.334657	0.0	0.13908350000000003	0.270671	0.29831399999999997
Re.bin.141	0.521961	0.297819	0.345954	0.00572	0.251092	0.261529	0.409018
Ac.bin.361	0.163092	0.271208	0.387938	0.002935	0.175426	0.421999	0.313265
Ac.bin.380	0.031882	0.07285	0.089988	0.006276	0.302217	0.553088	0.14601
Ac.bin.499	0.26718	0.300097	0.458057	0.008475	0.613586	0.673761	0.47917
Ac.bin.332	0.095742	0.1128545	0.257796	0.001679	0.8389985	0.612197	0.20112750000000001
Re.bin.325	0.485133	0.036571	0.403471	0.019925	0.489995	0.458434	0.439704
Re.bin.89	0.246927	0.176393	0.284414	0.004868	0.260036	0.334196	0.276627
Re.bin.206	0.282822	0.359547	0.194837	0.004865	0.196102	0.398848	0.256204
Re.bin.159	0.180747	0.048295	0.197902	0.012139	0.284821	0.472037	0.215286
Re.bin.224	0.968849	0.449758	0.787005	0.010183	0.605232	1.282716	0.686425
Re.bin.330	0.249761	0.207372	0.413083	0.023142	0.076797	0.268799	0.288646
Ac.bin.400	0.310318	0.166995	0.477618	0.013743	0.556915	0.736589	0.456954
Re.bin.137	0.206828	0.513293	0.444235	0.011518	0.125653	0.382315	0.42401
Ac.bin.395	0.270043	0.262354	0.411301	0.012672	0.426937	0.611092	0.432611
Ac.bin.171	0.012903	0.125224	0.266857	0.0	0.640256	0.123047	0.257834
Re.bin.3	0.121143	0.19985	0.247598	0.004929	0.165563	0.712839	0.26362
Ac.bin.178	0.379818	1.226333	1.922874	0.011686	0.604183	1.219179	1.979401
Re.bin.387	0.056068	0.149387	0.25961749999999995	0.0	0.153605	0.373862	0.19262600000000002
Ac.bin.226	0.100967	0.069169	0.287519	0.0	0.388345	0.399232	0.31842
Ac.bin.247	0.1544645	0.208919	0.328364	0.032323	0.10426	0.341352	0.3512245
Ac.bin.300	0.102285	0.293208	0.293346	0.009926	0.216961	0.3702705	0.261013
Re.bin.324	4.910243	6.072096	4.651959	0.0	0.115493	0.563379	3.098299
Re.bin.84	0.466386	0.188388	0.942032	0.0	0.034454	0.641775	0.628897
Re.bin.236	0.0857125	0.042776	0.035826	0.0	0.213575	0.645947	0.095541
Ac.bin.238	0.379379	0.348268	0.360804	0.0	0.13993650000000002	0.14240049999999999	0.387836
Re.bin.340	0.329481	2.736662	1.426921	0.033841	0.044654	0.141698	1.469818
Ac.bin.261	0.067369	0.279601	0.302328	0.01632	0.351857	0.357967	0.272148
Ac.bin.110	0.177033	0.609502	0.453768	0.008283	0.212584	0.341233	0.364247
Re.bin.278	0.00214	4.011696	0.178559	0.069122	0.005024	0.012968	0.09943
Ac.bin.21	5.345794	2.299439	2.3657434999999998	0.015752	0.620825	1.245814	2.015424
Re.bin.332	3.015887	1.633512	6.336078	0.004538	0.00489	0.003702	10.182108
Ac.bin.267	0.19463249999999999	0.209991	0.403689	0.004247	0.238149	0.362764	0.37822449999999996
Ac.bin.379	0.352654	0.060375	0.3095365	0.0	0.349882	0.455772	0.288047
Re.bin.209	0.059586	0.136633	0.229479	0.0	0.18364	0.349155	0.149133
Ac.bin.283	0.432787	0.648817	0.694873	0.013512	0.300059	0.468158	0.684193
Ac.bin.422	0.453932	0.093176	0.234434	0.0	0.183735	0.259387	0.444482
Ac.bin.298	0.137022	0.186815	0.298303	0.012453	0.216356	0.513779	0.225046
Re.bin.140	2.720124	3.206884	1.922314	1.050097	0.021143	0.105942	2.735681
Ac.bin.312	0.52801	0.2770565	0.4119065	0.01709	0.042778	0.212206	0.351982
Re.bin.384	0.120782	0.073849	0.112668	0.032596	0.163374	0.183805	0.140476
Ac.bin.465	0.039432	0.063154	0.08325	0.001648	0.622671	0.740262	0.10519300000000001
Ac.bin.309	0.8507415	0.2712465	0.557693	0.033036	0.322106	0.744658	0.6614705000000001
Re.bin.56	0.019444	0.009502	0.147169	0.002086	0.280289	0.792801	0.110547
Re.bin.210	0.12692	0.185823	0.341101	0.02704	0.720182	0.899761	0.465903
Re.bin.199	0.057139	0.116521	0.259369	0.0027	0.608068	0.345644	0.303462
Ac.bin.176	0.699203	0.335397	0.665157	0.011989	0.620526	1.092211	0.659088
Ac.bin.82	0.178826	0.320929	0.314316	0.004653	0.459657	0.693114	0.32838
Ac.bin.441	0.021953	0.320687	0.11026	0.066528	0.006443	0.0	0.134642
Re.bin.388	0.307849	1.16123	0.834759	0.017024	0.396978	0.670439	0.916118
Ac.bin.173	0.206844	0.6035425	1.0139235	0.021179	0.185846	0.7436175	0.985395
Re.bin.362	0.004844	0.239764	0.197859	0.047588	0.004267	0.228008	0.167098
Ac.bin.243	0.143455	0.025641	0.431573	0.022532	0.608711	0.7407705	0.461876
Ac.bin.436	9.253097	8.453566	10.351966000000001	0.0	0.540294	1.0777765000000001	8.888955
Re.bin.176	0.036374	0.116818	0.109471	0.046303	0.918007	0.624344	0.0610645
Re.bin.8	0.386349	0.1033355	0.755581	0.020171	0.418816	0.502159	0.545029
Ac.bin.168	0.806847	0.034734	0.1556245	0.010081	0.073938	0.167247	0.157805
Ac.bin.39	0.107288	0.18562	0.295971	0.027668	0.171001	0.268859	0.273708
Re.bin.68	0.1444755	0.105192	0.345063	0.0	0.714507	0.697342	0.24823699999999999
Ac.bin.242	0.652736	0.471925	0.63209	0.014263	0.292236	0.5821045	0.524221
Re.bin.172	0.59878	2.251177	1.033582	0.011858	0.172734	0.404235	1.544937
Re.bin.393	0.839186	0.808335	0.640681	0.612757	0.047613	0.875991	0.718106
Ac.bin.464	0.147751	0.172421	0.282619	0.005582	0.252412	0.404131	0.326194
Ac.bin.164	0.167936	0.2425385	0.355279	0.039187	0.161628	0.256199	0.276133
Ac.bin.295	0.245963	0.344336	0.423832	0.014005	0.257574	0.263431	0.406813
Ac.bin.135	0.001694	0.020896	0.948061	0.001062	0.005327	0.151731	1.008875
Re.bin.168	0.083267	0.061455	0.14869	0.0	0.124402	0.505881	0.164488
Re.bin.116	0.3531315	0.582127	0.7752425000000001	0.031183	0.19308	0.33795149999999996	0.6631515
Re.bin.333	0.130042	0.103121	0.3583475	0.003626	0.462444	0.695287	0.154039
Ac.bin.229	0.446295	0.230691	0.3835925	0.0	0.0	0.050299	0.394431
Re.bin.303	0.507262	0.297649	0.477297	0.012126	0.3116125	0.4120745	0.432391
Ac.bin.315	0.012271	0.070559	1.142959	0.134257	0.010812	0.0	0.740456
Re.bin.344	0.020119	0.7686275	0.4228495	0.832619	0.022932	0.078819	0.996355
Ac.bin.328	0.1387	0.8027610000000001	0.70885	0.00294	0.172109	0.375927	0.7863935
Ac.bin.91	0.197858	1.797964	1.179781	0.009494	0.151305	0.312573	1.534151
Ac.bin.496	0.367464	0.422195	0.619748	0.016375	0.209634	0.375005	0.594461
Ac.bin.468	0.072692	0.954594	2.733089	0.075285	0.117047	1.560511	2.221212
Ac.bin.117	1.142105	0.592786	0.865003	0.0	0.171703	0.762665	1.276967
Re.bin.83	0.516627	0.307484	0.460007	0.012709	0.179429	0.377236	0.485324
Re.bin.169	0.121259	0.11644	0.233064	0.056984	0.206844	0.276441	0.212052
Re.bin.389	0.122103	0.410316	0.220545	0.06672	0.078154	0.397018	0.311729
Re.bin.108	0.083368	0.034001	0.184926	0.041345	0.199353	0.246036	0.137024
Ac.bin.444	0.183238	0.134424	0.481615	0.0129645	0.229676	0.332982	0.4403915
Re.bin.171	0.07225	0.252607	0.374563	0.0	0.18723	0.37698	0.386142
Ac.bin.353	0.1983765	0.436504	0.534378	0.073354	0.3347405	0.420491	0.4468245
Re.bin.395	0.0688175	0.075378	0.301994	0.012107	0.18298	0.37965499999999996	0.373184
Re.bin.194	0.120945	0.247021	0.22593	0.0	0.397465	0.4472305	0.312249
Re.bin.174	0.490167	0.041073	0.404923	0.025808	0.32502	1.227869	0.529226
Re.bin.126	2.464241	0.056398	1.069532	0.10919	0.071806	1.022838	1.556339
Ac.bin.483	0.120237	0.151179	0.264018	0.0	0.244035	0.670172	0.228378
Ac.bin.399	0.120218	0.140728	0.278631	0.020156	0.241095	0.415864	0.294173
Ac.bin.302	0.201869	0.2641435	0.4628455	0.013969	0.409911	0.586875	0.466954
Ac.bin.225	0.248094	0.089965	0.352214	0.0	0.553355	0.489217	0.284257
Re.bin.59	0.114066	0.6885	0.5320819999999999	0.0	0.13232	0.48233	0.4008545
Ac.bin.489	0.44922	0.227375	0.489548	0.0	0.184293	0.630797	0.474604
Ac.bin.292	0.113145	0.018647	0.151715	0.0	0.4447605	0.321418	0.118203
Ac.bin.97	5.241459	0.131901	0.822132	0.0	0.432356	0.726762	0.079912
Re.bin.177	0.067767	0.087407	0.441228	0.090865	0.022174	0.087734	0.28172
Re.bin.129	0.372174	0.183683	0.527147	0.0	0.308463	0.611498	0.311822
Ac.bin.433	0.088281	0.060419	0.156762	0.004086	0.159983	0.19914	0.060461
Re.bin.354	0.19173600000000002	0.200766	0.357311	0.0	0.478926	0.7155665	0.356902
Ac.bin.351	0.002153	0.001413	0.002483	0.002274	4.262987	0.294941	0.002404
Ac.bin.129	0.103497	0.517589	0.443161	0.003408	0.051459	0.173642	0.45713
Ac.bin.431	0.045127	0.014638	0.073726	0.004354	0.358495	0.923161	0.047737
Re.bin.308	0.041237	0.027058	0.056759	0.006187	0.085709	0.315417	0.030242
Re.bin.23	0.072939	0.125958	0.761561	0.028617	0.033483	0.119519	0.387068
Ac.bin.352	0.270694	0.32926849999999996	0.44041600000000003	0.027493	0.3060355	0.567417	0.483397
Re.bin.337	0.036116	0.222685	0.121251	0.139093	0.079511	0.19594	0.248087
Re.bin.21	0.205907	0.126186	0.222274	0.0	0.197475	0.400986	0.275736
Ac.bin.350	0.1705035	0.1076835	0.195827	0.002597	0.33917200000000003	0.483538	0.1748345
Ac.bin.412	0.256564	0.083933	0.412801	0.010936	0.180813	0.344336	0.582942
Re.bin.248	0.064535	0.132027	0.251661	0.002986	0.130435	0.176651	0.222043
Ac.bin.1	0.0	0.0	0.0	0.0	0.477012	0.13642100000000001	0.0317105
Re.bin.291	0.7121059999999999	0.45198550000000004	0.441196	0.027134	0.548024	0.6961035	0.394323
Re.bin.201	0.159742	0.25184700000000004	0.400875	0.023925	0.216016	0.305027	0.388879
Ac.bin.161	0.9698665	0.684812	1.006621	0.035693	0.4810205	0.821027	1.011015
Re.bin.62	0.024966	0.119062	1.1272445	0.032306	0.001438	0.003262	1.524217
Re.bin.264	0.003008	0.166578	0.133217	0.0	0.005298	0.054439	0.096898
Ac.bin.163	0.215795	0.059172	0.24301499999999998	0.009267	0.11566699999999999	0.25149	0.513212
Re.bin.331	0.25176750000000003	0.168852	0.27755	0.103674	0.562628	1.0747715	0.274394
Ac.bin.293	0.990442	1.053805	1.315314	0.008327	0.304053	0.664997	0.9969950000000001
Ac.bin.106	0.841935	0.55703	0.872574	0.006213	0.018923	0.1477655	1.098854
Ac.bin.44	0.119266	0.103376	0.185583	0.021396	0.204635	0.437513	0.151521
Re.bin.114	0.892725	0.023581	0.191566	0.002945	0.263034	0.716956	0.188193
Ac.bin.253	0.054942	0.046035	0.123352	0.008403	0.639417	0.444724	0.10719
Ac.bin.394	0.138139	0.201752	0.310545	0.010549	0.183091	0.238279	0.273193
Re.bin.296	0.071111	0.094766	0.159373	0.063883	0.170179	0.496078	0.19455
Ac.bin.224	0.155552	0.291508	0.261085	0.002558	0.437073	0.701551	0.334498
Re.bin.351	0.915281	0.999932	1.067611	0.008577	0.572604	1.054465	1.385974
Re.bin.255	0.0	0.0	0.008151	0.0	1.12625	0.487448	0.039489
Re.bin.5	0.026374	0.013475	0.039559	0.011847	1.91132	3.881928	0.082129
Re.bin.309	0.077111	0.120676	0.296011	0.0	0.153446	0.249386	0.316212
Ac.bin.488	0.17385899999999999	0.31248549999999997	0.4095485	0.0294	0.123842	0.369551	0.51544
Ac.bin.33	0.272679	0.03342	0.407122	0.020916	0.295987	0.592483	0.347033
Re.bin.74	0.462248	0.149483	0.47294749999999997	0.010621	0.125933	0.29332	0.414788
Ac.bin.9	0.2817005	0.151551	0.390649	0.011444	0.36548	0.369342	0.14634350000000002
Ac.bin.434	0.33393	0.298998	0.46652	0.015678	0.226749	0.605596	0.461163
Re.bin.263	0.103043	0.151745	0.278635	0.00514	0.287687	0.493035	0.356348
Re.bin.58	1.868434	1.345164	1.078963	0.03807	0.261794	0.794599	1.303447
Ac.bin.260	0.509921	0.162377	0.47074	0.0	1.23932	0.482618	0.501669
Re.bin.110	0.031776	0.076485	0.155039	0.037963	0.154757	0.294598	0.077614
Ac.bin.92	0.275449	0.350472	0.5304485000000001	0.005648	0.212656	0.26375550000000003	0.53834
Re.bin.80	0.171665	0.21923900000000002	0.36722	0.023163	0.066578	0.1915985	0.255405
Ac.bin.265	0.400559	0.117904	0.435635	0.017512	0.257337	0.442926	0.406728
Ac.bin.484	0.218402	0.289676	0.227918	0.000636	0.353944	1.377237	0.295844
Ac.bin.299	1.136983	0.982311	1.562902	0.025175	0.455395	1.348687	1.894761
Re.bin.329	5.018947	1.653283	2.282879	0.286619	0.244244	0.65953	2.495317
Re.bin.119	0.075356	0.199535	0.141455	0.0	0.197833	0.216415	0.164095
Re.bin.369	0.001592	0.007585	0.073392	0.350098	0.002803	0.0	0.002312
Re.bin.402	0.1537145	0.1549195	0.430198	0.004688	0.1518745	0.311647	0.437674
Re.bin.54	0.755424	0.308256	0.549266	0.042708	0.409132	0.822994	0.693507
Re.bin.25	0.117155	0.145659	0.197117	0.0	0.433926	0.459925	0.286419
Ac.bin.491	0.208007	0.200339	0.497091	0.018303	0.144444	0.326957	0.529214
Ac.bin.90	0.099384	0.059083	0.310845	0.0	0.085955	0.298886	0.357987
Re.bin.343	0.036223	0.024151	0.160086	0.005226	0.29782	0.473592	0.151672
Re.bin.279	1.106013	0.382322	1.248141	1.844603	0.035414	0.124428	1.432659
Ac.bin.93	0.100023	0.05541	0.2119385	0.012703	0.2420765	0.417041	0.246876
Ac.bin.36	0.1556765	0.162797	0.242918	0.0	0.474734	0.6416415	0.317458
Ac.bin.318	0.312148	0.38935	0.417657	0.007404	0.306534	0.600585	0.3234175
Ac.bin.331	0.0	0.006202	0.033845	0.0	0.725502	0.787889	0.033062
Ac.bin.423	0.111635	0.094336	0.365925	0.015858	0.575754	0.397162	0.283397
Re.bin.301	0.485424	0.873149	0.835118	0.028892	0.159358	0.524191	0.375876
Re.bin.144	0.187295	0.141617	0.286801	0.0	0.459702	0.429678	0.194306
Ac.bin.435	0.013664	0.010759	0.040571	0.001144	0.6497189999999999	0.648251	0.042496
Ac.bin.354	0.0	0.022628	0.02849	2.346913	0.011203	0.006707	0.0
Ac.bin.469	0.173385	0.244943	0.396171	0.03756	0.041624	0.27896	0.306687
Re.bin.12	0.5049645	0.071857	0.322696	0.01541	0.607923	0.7398785	0.4620535
Re.bin.294	0.279667	1.075299	0.954322	0.005108	0.175583	0.629497	0.875167
Re.bin.111	0.193947	0.21317	0.479764	0.0	0.218548	0.664972	0.176354
Re.bin.288	0.0202655	0.022289	0.0236265	0.016324	0.034189	0.146513	0.056395
Re.bin.71	0.141073	0.153599	0.199126	0.014885	0.353322	0.364686	0.179131
Ac.bin.485	0.115876	0.09890099999999999	0.1977935	0.02225	0.06804	0.1993205	0.237395
Re.bin.207	0.621935	0.585752	0.454222	0.042965	0.30472	0.631623	0.714489
Re.bin.60	0.208931	0.238277	0.325423	0.0	0.348518	0.557201	0.295773
Ac.bin.165	0.361426	0.346573	0.578959	0.030584	0.267795	0.322173	0.560369
Ac.bin.100	0.125287	0.394344	0.413274	0.014468	0.110314	0.266597	0.33603
Ac.bin.345	0.391429	0.111201	0.385657	0.008994	0.294934	0.775428	0.450226
Ac.bin.326	0.1953835	0.335024	0.392334	0.025618	0.243953	0.432195	0.334194
Ac.bin.359	0.309652	0.608632	1.018419	0.009553	0.248684	0.383186	1.010332
Re.bin.342	0.459843	0.998838	0.489896	0.005203	0.212543	0.181593	0.566903
Ac.bin.195	0.2341295	0.007781	0.13932450000000002	0.013699	0.117879	0.48905	0.07369300000000001
Ac.bin.122	0.056531	0.108018	0.323091	0.016672	0.071673	0.098133	0.37851199999999996
Re.bin.252	0.263852	0.478455	0.418411	0.01109	0.207927	0.513039	0.613407
Ac.bin.42	0.1551305	0.439155	0.373526	0.007846	0.1319275	0.446146	0.42775050000000003
Ac.bin.419	0.153212	0.368544	0.357912	0.0	0.32911650000000003	0.387366	0.377213
Re.bin.87	0.075534	0.086721	0.307826	0.003434	0.52689	0.445979	0.490462
Ac.bin.124	0.152368	0.112394	0.242716	0.023831	0.211697	0.298552	0.298055
Ac.bin.35	0.305866	0.4142865	0.757498	0.008729	0.201779	0.239142	0.739113
Re.bin.64	0.0	0.0	0.0	0.0	1.611876	0.415167	0.0
Ac.bin.381	0.185451	0.470898	0.41618	0.070548	0.088766	0.224597	0.446111
Ac.bin.30	2.489632	0.049382	1.111049	0.062684	0.081415	0.983726	1.507108
Ac.bin.69	0.653352	0.48728	0.863704	0.019021	0.406791	0.900918	0.945614
Ac.bin.231	0.383917	0.449971	0.546701	0.053261	0.201867	0.389458	0.5464370000000001
Re.bin.203	0.09546750000000001	0.17637	0.123856	0.0	0.516389	0.673189	0.0
Re.bin.134	0.338985	0.080231	0.20531	0.134978	0.255573	0.203554	0.238028
Re.bin.366	0.186695	0.273798	0.234419	0.054731	0.099742	0.360108	0.382915
Ac.bin.48	0.002331	0.050378	0.253324	0.020236	0.208849	0.48462249999999996	0.233348
Ac.bin.416	0.156653	0.165995	0.294057	0.014129	0.278923	0.481874	0.369104
Ac.bin.363	0.055632	0.053859	0.217057	0.003908	0.070024	0.239425	0.188305
Ac.bin.289	0.0	0.303317	0.11267	0.0	0.0	0.385749	0.289452
Ac.bin.74	0.136034	0.667251	0.329972	0.0	0.185268	0.410885	0.489116
Re.bin.187	1.012305	1.250036	1.258686	0.389876	0.012567	0.073072	1.886566
Ac.bin.482	0.078385	0.065163	0.148766	0.0	0.276421	0.489562	0.178147
Ac.bin.275	0.30169	0.237445	0.612212	0.022101	0.164193	0.3287915	0.546372
Ac.bin.487	0.693316	2.201919	1.136818	0.033924	0.245783	0.351626	1.587677
Re.bin.57	0.180228	0.112611	0.250532	0.031621	0.051815	0.236641	0.236083
Ac.bin.456	0.125455	0.156681	0.269069	0.007363	0.175034	0.294799	0.257137
Ac.bin.95	0.480589	0.364818	0.693655	0.014978	0.4550565	0.623847	0.7433179999999999
Re.bin.212	0.151484	0.09463	0.429739	0.025429	0.590472	1.310581	0.609243
Ac.bin.329	0.0266	2.750769	0.143804	4.013208	0.003345	0.003796	0.249642
Re.bin.82	0.0	0.0	0.0	0.0	0.445047	0.596554	0.0
Ac.bin.375	0.155971	0.227591	0.405802	0.003808	0.3736	0.534359	0.330751
Ac.bin.457	0.002731	0.009753	0.012278	0.23815	0.004807	0.13382	0.01719
Re.bin.257	0.018154	2.074317	1.081904	0.002662	0.022425	0.138153	1.243079
Re.bin.260	0.341447	0.247694	0.235026	0.003675	0.277933	1.212066	0.196496
Ac.bin.153	0.23886	0.065477	0.528685	0.0	0.716122	0.8323510000000001	0.5216995
Re.bin.378	0.699462	0.410357	0.419836	0.027994	0.585496	0.83328	0.426813
Re.bin.104	0.599795	1.212452	1.043352	0.006296	0.19542	0.472041	1.546842
Ac.bin.340	0.167506	0.184028	0.284296	0.00414	0.1141335	0.24579499999999999	0.271109
Ac.bin.453	0.003772	0.002995	0.009312	0.001315	0.894145	0.990458	0.021049
Re.bin.130	0.0	0.067234	0.108296	0.158756	0.115417	0.184061	0.153489
Ac.bin.369	0.190591	0.0	0.0897365	0.007211	1.205518	0.36159	0.038987
Re.bin.135	0.21159	0.0895575	0.1481695	0.0	0.500882	0.813117	0.2096055
Ac.bin.490	0.240507	0.348556	0.5727865	0.016143	0.264212	0.509019	0.374603
Re.bin.27	0.159397	0.220245	0.515085	0.025853	0.038483	0.031344	0.552817
Ac.bin.449	0.031299	0.015908	0.101418	0.0	0.37784	0.342466	0.115765
Re.bin.274	0.082335	0.286788	0.172113	0.128304	0.039877	0.303645	0.151253
Re.bin.65	0.258322	0.522795	0.668277	0.342868	0.25478	0.202303	0.664847
Re.bin.143	0.088719	0.009145	0.239981	0.012394	0.114852	0.5407575	0.219154
Ac.bin.356	0.3359255	1.777728	0.887779	0.010033	0.02282	0.159451	1.174441
Re.bin.367	0.119022	0.490969	0.665121	0.043284	0.141979	0.142738	0.528471
Re.bin.180	0.580816	0.329783	0.635165	0.025214	0.187405	0.340733	0.478261
Ac.bin.236	0.239797	0.258189	0.328192	0.007345	0.211731	0.425434	0.34057
Ac.bin.184	0.313856	0.20268	0.15713	0.0	0.609562	1.719932	0.243588
Re.bin.359	1.873404	1.053952	1.682638	0.029132	0.568508	0.76864	2.185158
Ac.bin.384	0.009672	0.04334	0.163162	0.012865	0.154614	0.374133	0.150937
Ac.bin.98	0.35587599999999997	0.1276915	0.249683	0.026554	0.235582	0.368896	0.217484
Ac.bin.12	0.1017865	0.4065105	0.21413100000000002	0.0	0.1323965	0.5838945	0.34629600000000005
Re.bin.139	0.323735	0.282455	0.368181	0.031307	0.132031	0.560808	0.35801499999999997
Re.bin.321	0.214589	0.0631585	0.1671655	0.018461	0.215207	0.599424	0.178428
Re.bin.186	0.591885	0.093854	0.195651	0.025656	0.128497	0.119346	0.225049
Ac.bin.27	0.057232	0.026249	0.136098	0.0	0.409314	0.449295	0.157111
Ac.bin.245	0.0513445	0.193394	0.2499505	0.15538849999999998	0.058678499999999995	0.160024	0.2564975
Re.bin.150	0.168671	0.3098105	0.253324	0.0	0.413712	0.9570434999999999	0.429643
Ac.bin.197	0.186657	0.310477	0.440163	0.035621	0.232555	0.61227	0.349118
Re.bin.254	0.108908	0.081754	0.149638	2.700152	0.195498	0.20985	0.137124
Ac.bin.270	0.025623	0.021291	0.042057	0.006379	0.705026	0.189259	0.059636
Re.bin.48	0.558786	0.439368	0.697392	0.045524499999999996	0.252098	0.48784800000000006	0.554403
Re.bin.251	0.005765	0.0	0.051873	3.123042	0.0	0.013294	0.058478
Ac.bin.2	0.1064	0.049964	0.145828	0.006624	0.404135	0.399437	0.148501
Re.bin.265	0.286711	1.589285	2.390296	17.846843	0.148835	0.21656	2.043213
Ac.bin.413	0.3471125	0.2710005	0.284886	0.014423	0.133229	0.386564	0.316716
Ac.bin.386	0.091995	0.114391	0.2859585	0.008377	0.1967	0.531207	0.2218545
Re.bin.319	0.006139	0.044064	0.080415	0.64258	0.007565	0.012262	0.056412
Ac.bin.166	0.177425	0.12408	0.178064	0.008155	0.2907605	0.652633	0.212847
Ac.bin.80	0.20878649999999999	0.063771	0.298513	0.013445	0.43317700000000003	0.829688	0.433244
Re.bin.173	0.369693	0.010561	0.053017	0.0093465	0.373064	1.441678	0.025706
Re.bin.215	0.079574	0.28959	0.32592	0.111365	0.07365	0.69513	0.223402
Re.bin.360	0.082469	0.031238	0.2198	0.0	0.082574	0.170421	0.233424
Ac.bin.63	0.061606	0.021514	0.091316	0.014402	0.478699	0.475682	0.131984
Re.bin.79	0.087464	0.035145	0.136545	0.022258	0.137546	0.451325	0.123519
Re.bin.142	2.8972875	0.291991	1.78846	0.050808	0.423345	1.238945	2.523428
Ac.bin.199	0.264868	0.339909	0.555794	0.032006	0.284945	0.505764	0.651524
Ac.bin.272	0.168627	0.149946	0.307841	0.016002	0.333959	0.650936	0.402449
Ac.bin.455	0.0	0.025935	0.21904	0.0	0.437502	0.6595	0.124886
Ac.bin.102	0.797879	0.535374	0.890926	0.03273	0.635359	1.242378	1.262199
Re.bin.102	0.161062	0.086875	0.428395	0.019377	0.3254165	0.479601	0.413921
Ac.bin.32	0.255307	0.068203	0.308325	0.039737	0.534814	1.049669	0.394094
Re.bin.49	1.893781	40.146859	14.70358	0.015627	0.01293	0.089971	17.554381
Ac.bin.378	0.05247	0.352614	0.437371	0.057223	0.111949	0.271064	0.481956
Ac.bin.462	0.121241	0.064551	0.168707	0.028709	0.181415	0.270592	0.207381
Ac.bin.273	1.170367	0.1585145	0.748414	0.723733	0.184808	0.585207	1.0245925
Re.bin.78	0.702619	0.876614	0.764843	0.02509	0.011816	0.048499	0.793511
Ac.bin.282	0.088347	0.26713200000000004	0.309025	0.001711	0.20076850000000002	0.2974415	0.166314
Ac.bin.440	0.028643	0.005249	0.01982	0.002306	2.764716	0.32471300000000003	0.030726000000000003
Re.bin.246	0.154829	0.2851055	0.2475525	0.0	0.2516305	0.40670700000000004	0.1869815
Re.bin.376	0.122603	0.238531	0.294994	0.009296	0.667316	0.914302	0.3806
Re.bin.38	0.076845	0.026774	0.110147	0.436988	0.053658	0.125746	0.054373
Ac.bin.333	0.21130100000000002	0.24919999999999998	0.316529	0.021398	0.372859	0.423936	0.36051849999999996
Ac.bin.495	0.264365	0.404577	0.439355	0.029126	0.022726	0.121847	0.490462
Re.bin.88	0.831617	0.608185	0.873939	0.085523	0.057773	0.23243350000000002	1.0335505
Re.bin.242	0.080324	1.3536815	0.34361050000000004	0.26801800000000003	0.0	0.0	0.2254145
Ac.bin.497	0.2348715	0.242206	0.459856	0.012961	0.501589	0.563342	0.4449455
Ac.bin.62	0.124025	0.22797499999999998	0.329581	0.014833	0.3111955	0.440509	0.2485395
Re.bin.182	0.011147	0.017719	0.109071	0.0	0.341878	0.196335	0.052866
Re.bin.271	1.166516	9.848777	5.673184	0.01744	0.65142	1.296978	4.850716
Ac.bin.403	0.533852	0.467177	1.041581	0.041987	0.073166	0.1594	0.431323
Re.bin.47	0.019189	0.401551	0.658042	0.001056	0.030225	0.166462	0.6095185
Ac.bin.376	0.064552	0.012149	0.198719	0.00356	0.219044	1.82706	0.207339
Ac.bin.167	0.254447	0.131019	0.3650715	0.005965	0.2368045	0.610085	0.354868
Re.bin.401	0.167073	0.238998	0.331582	0.0640215	0.278726	0.640296	0.30383899999999997
Re.bin.10	0.165449	0.595844	0.442491	0.003978	0.54499	0.506628	0.261188
Ac.bin.347	0.2259055	0.267473	0.347816	0.032661	0.1817375	0.357956	0.3441185
Re.bin.241	1.376455	0.517577	1.004842	0.0	0.964893	0.930631	0.309835
Ac.bin.15	0.209218	0.192578	0.190327	0.0	0.779421	0.446117	0.061618
Re.bin.29	0.859656	3.905564	2.260861	0.005038	0.191713	0.160208	1.857154
Ac.bin.358	0.426246	0.507805	0.3969255	0.013629	0.586831	0.69144	0.4681905
Re.bin.107	0.449065	0.216004	0.643265	0.431136	0.119062	0.220743	0.361253
Re.bin.245	0.020794	0.006962	0.022533	0.0	0.495509	0.96786	0.0764
Re.bin.323	0.0455	0.06737	0.414016	0.0	0.522503	0.568718	0.290875
Ac.bin.123	0.190225	0.149479	0.292771	0.002648	0.285863	0.392677	0.26362
Re.bin.275	0.234306	0.18961250000000002	0.333746	0.008296	0.264136	0.696266	0.237779
Ac.bin.46	0.336301	0.226246	0.396078	0.363909	1.556474	1.816778	0.054939
Ac.bin.37	0.161327	0.031095	0.195872	0.053924	0.459297	0.690132	0.164944
Ac.bin.317	0.278026	0.563938	0.435469	0.022728	0.466887	0.823041	0.326205
Ac.bin.383	0.154031	0.174365	0.25986699999999996	0.004686	0.594437	0.73351	0.241494
Ac.bin.126	0.003538	0.004214	0.005309	4.177473	0.010903	0.015903	0.010277
Re.bin.123	0.1055925	0.06831999999999999	0.364713	0.0	0.114128	0.7025155000000001	0.129698
Ac.bin.68	0.855702	0.910621	1.19208	0.004222	0.140751	0.199256	1.818764
Re.bin.293	0.186535	0.296639	0.346983	0.297082	0.113652	0.167607	0.315415
Re.bin.30	0.023727	0.009447	0.06055	0.01187	0.453743	0.342776	0.042676
Re.bin.160	0.301672	2.963811	1.442923	0.039679	0.039645	0.138987	1.517955
Ac.bin.208	0.086191	0.07057749999999999	0.193497	0.0	0.206622	0.302125	0.29352849999999997
Ac.bin.246	0.120484	0.4295145	0.538748	0.031809	0.21844	0.343989	0.683159
Re.bin.189	0.00697	0.0	0.007837	0.001823	1.952249	1.602599	0.0
Ac.bin.277	0.001084	0.024828	0.1536825	0.0	0.338862	0.492333	0.180835
Ac.bin.76	0.007707	0.002295	0.005777	0.014112	1.4229064999999999	0.642845	0.0028
Re.bin.400	0.324744	0.528713	0.659142	0.010886	0.243801	0.470103	0.648333
Ac.bin.193	0.078306	0.119517	0.149409	0.007661	0.236254	0.710485	0.11884
Re.bin.253	0.127135	0.054868	0.301677	0.049424	1.048665	0.757611	0.3499165
Ac.bin.460	0.283649	0.179264	0.559808	0.016669	0.281215	0.584106	0.522902
Ac.bin.209	0.038227	0.04376	0.151259	0.0041295	0.492266	1.1791969999999998	0.106619
Ac.bin.10	0.175177	0.252254	0.381117	0.021648	0.312803	0.445173	0.355075
Ac.bin.357	0.360683	0.072148	0.315852	0.010181	0.053628	0.21503899999999998	0.3246525
Re.bin.26	0.05785	0.062322	0.085466	0.093936	0.226079	1.081452	0.157571
Re.bin.195	0.155705	0.377075	0.6590725	0.008845	0.174898	0.328717	0.6029495
Ac.bin.475	0.390454	0.351591	0.562105	0.015918	0.638241	0.901508	0.535141
Re.bin.106	0.24838	0.342883	1.403057	0.032942	0.100671	0.74404	1.955691
Ac.bin.287	0.065042	0.100911	0.158617	0.01267	0.2551	0.351098	0.189029
Ac.bin.341	0.0	0.002003	0.0	0.001759	2.211896	0.878187	0.0
Re.bin.373	0.324591	0.488815	0.336348	0.019189	0.124213	0.346372	0.362285
Re.bin.98	0.130761	0.724078	0.824785	0.023273	0.07975	0.649334	0.900095
Ac.bin.290	0.195092	0.11575350000000001	0.274452	0.003543	0.409789	0.541967	0.331369
Re.bin.371	0.108314	0.272893	0.316044	0.009467	0.123232	0.251808	0.3238445
Ac.bin.348	0.108173	0.865417	0.244356	0.0	0.095522	0.835789	0.026329
Ac.bin.314	0.20383400000000002	0.179116	0.573737	0.011233	0.075122	0.2396025	0.30515400000000004
Ac.bin.393	0.209241	0.263167	0.4585625	0.020957	0.179242	0.325959	0.30624300000000004
Ac.bin.388	0.108103	0.007902	0.143593	0.006956	0.539097	0.391393	0.066947
Ac.bin.143	0.116289	0.238047	0.321034	0.0	0.465331	0.771912	0.30257
Ac.bin.104	0.19504	0.237962	0.943074	0.058884	0.0	0.004304	0.240899
Ac.bin.474	0.0	2.55926	0.307346	0.0	0.0	0.0	0.80956
Ac.bin.200	0.0	0.0	0.0	0.0	0.938371	0.801503	0.114725
Ac.bin.223	0.242522	0.435686	0.423706	0.006619	0.200828	0.170661	0.401177
Re.bin.292	0.293313	0.044176	2.979113	0.035812	0.005444	0.006178	1.179991
Ac.bin.373	0.180044	0.395309	0.375015	0.004798	0.256931	0.47786	0.375936
Re.bin.42	0.039585	0.00943	0.017803	0.008284	0.275371	0.276981	0.017247
Re.bin.147	0.060657	0.018218	0.115457	0.004669	0.111639	0.33938	0.089914
Re.bin.105	0.487667	0.230452	0.612131	0.0	0.594024	0.529515	0.396141
Re.bin.234	0.144627	0.186687	0.25372649999999997	0.007993	0.488037	0.3919145	0.270516
Ac.bin.99	0.0	0.0	0.054603	0.095876	0.101913	0.279399	0.126628
Re.bin.16	0.198193	0.009238	0.217862	0.085524	0.176824	0.2886	0.20417
Ac.bin.420	1.008748	0.017275	0.240045	0.001565	0.118182	0.279036	0.117356
Ac.bin.285	0.074749	0.132194	0.293058	0.009679	0.17896	0.567991	0.425609
Ac.bin.78	0.095302	0.417392	0.249403	0.023668	0.064927	0.492686	0.206986
Re.bin.28	0.372146	1.002068	1.41637	0.028699	0.188224	0.722935	1.771455
Re.bin.191	0.630071	0.11786	1.287246	0.005159	0.652017	0.948578	1.47095
Ac.bin.458	0.18711	0.112962	0.253722	0.06709	0.169382	0.37324	0.0
Ac.bin.13	0.397189	0.27349049999999997	0.392287	0.0157255	0.592504	0.928936	0.30757900000000005
Ac.bin.16	0.052212	0.268542	0.326165	0.033039	0.16873349999999998	0.1764165	0.258889
Ac.bin.43	0.091947	0.056557	0.276763	0.089463	0.028299	0.060389	0.237591
Ac.bin.217	0.082086	0.405966	0.170506	0.032674	0.198409	0.42382	0.166576
Re.bin.112	0.043515	0.283889	0.384601	0.120928	0.090214	0.252797	0.329066
Ac.bin.310	0.161944	0.357129	0.351273	0.002801	0.315951	0.780319	0.3297175
Ac.bin.183	0.109615	0.08171400000000001	0.30703	0.013359	0.109179	0.429004	0.266097
Re.bin.121	0.134474	0.332742	0.39128	0.015745	0.17951	0.318813	0.403908
Ac.bin.385	0.16566	0.43783649999999996	0.360038	0.0159	0.10301550000000001	0.293017	0.400497
Ac.bin.278	0.234904	0.408197	0.437975	0.037191	0.128634	0.297292	0.421585
Re.bin.40	0.104258	0.0	0.498364	0.0	0.334245	0.49418	0.717637
Ac.bin.438	0.291588	0.248485	0.41407	0.027991	0.381229	0.662919	0.3199025
Re.bin.256	0.139575	0.534855	0.395956	0.031591	0.1370975	0.150907	0.3058685
Ac.bin.297	0.089395	0.557805	0.350009	0.0	0.331537	0.493831	0.208873
Ac.bin.387	0.171811	0.445459	0.447131	0.015628	0.138924	0.245874	0.381423
Ac.bin.150	0.440897	0.837154	0.687896	0.003639	0.139512	0.732855	0.972631
Ac.bin.237	0.353883	0.47048	0.759273	0.019327	0.249069	0.510669	0.6930725
Ac.bin.470	0.120687	0.273907	0.36130450000000003	0.321125	0.045082	0.126251	0.35398
Re.bin.163	0.00453	1.660465	0.188164	0.055176	0.088209	0.025956	0.308395
Re.bin.217	0.482031	0.061730999999999994	0.410717	0.037935	0.00574	0.046634	0.416953
Ac.bin.177	0.10468	0.529594	0.435817	0.029821	0.081969	0.34701099999999996	0.637906
Ac.bin.142	0.091159	0.011727	0.225521	0.011808	0.302442	0.410893	0.18507849999999998
Re.bin.185	0.701988	0.376577	0.882316	0.039209	0.056513	0.384975	0.544326
Ac.bin.252	0.117214	0.3142875	0.450356	0.066139	0.128327	0.418742	0.399578
Ac.bin.471	0.062483	0.014255	0.127592	0.01015	0.457643	0.620449	0.058547
Re.bin.231	0.01344	0.044301	0.290759	0.0	0.002367	0.010727	0.2520335
Re.bin.44	0.0	0.0	0.035452	0.0	0.391545	0.257161	0.007904
Ac.bin.96	0.279896	0.2399215	0.432616	0.002748	0.33802	0.7292805	0.4410905
Re.bin.162	0.206525	0.355036	0.371854	0.08776	0.082307	0.75738	0.312265
Ac.bin.205	0.00137	0.001631	0.0	0.001433	1.4274125	0.176251	0.007956
Ac.bin.432	0.633974	0.781998	0.978231	0.005158	0.118787	0.514848	1.216042
Re.bin.190	0.178193	0.18807	0.898095	0.053945	0.232159	0.312594	0.944347
Ac.bin.428	0.182658	0.303848	0.386647	0.027988	0.293397	0.609354	0.3200375
Ac.bin.427	0.134737	0.183888	0.406938	0.0	0.113557	0.355162	0.316714
Re.bin.390	0.029437	0.029363	0.294843	0.048076	0.053259	0.14696	0.455554
Ac.bin.79	0.297733	0.077821	0.162266	0.016861	0.60011	0.745429	0.163948
Ac.bin.284	0.119787	0.072651	0.210575	0.004564	0.111286	0.364938	0.204264
Re.bin.213	2.780987	0.9546840000000001	1.597374	0.011544	0.071668	0.102471	0.846122
Ac.bin.311	0.035965	0.025574	0.044982	0.003987	0.378957	0.28581599999999996	0.043588
Ac.bin.210	0.317892	0.607475	0.92627	0.025681	0.030193	0.109528	0.393254
Ac.bin.371	0.6958314999999999	0.24704	0.867568	0.026816	0.0895135	0.399418	0.7747775
Ac.bin.429	0.263179	0.263031	0.428277	0.013132	0.765026	1.12933	0.499432
Re.bin.377	0.113045	0.995316	0.800131	0.011624	0.185206	0.405459	0.304775
Ac.bin.88	0.067846	0.071821	0.876914	0.007166	0.03337	0.192507	0.7230765
Re.bin.19	0.097304	0.699148	0.6879824999999999	0.0604205	0.077755	0.382381	0.601747
Re.bin.184	0.096866	0.012455	0.125721	0.0	0.276372	0.727762	0.091455
Ac.bin.424	0.435478	0.315343	0.583388	0.014302	0.181788	0.319175	0.512723
Re.bin.347	0.474193	0.316411	0.567719	0.055056	0.113708	0.583566	0.7038
Re.bin.41	0.147952	0.244671	0.346031	0.0	0.455447	0.470574	0.249149
Ac.bin.279	0.246428	0.399066	0.496705	0.115822	0.370475	0.582056	0.475835
Ac.bin.186	0.154865	0.127219	0.573969	0.021022	0.177961	0.219562	0.553932
Ac.bin.109	0.0	0.714364	0.222351	0.027918	0.00042	0.010531	0.089339
Ac.bin.450	0.373084	0.328367	0.766803	0.046919	0.051551	0.115515	0.63364
Ac.bin.367	0.111036	0.064662	0.32019	0.053142	0.0	0.223078	0.312257
Ac.bin.219	0.169379	0.46816500000000005	0.37249350000000003	0.002084	0.186031	0.377941	0.371346
Ac.bin.452	0.261426	0.124073	0.281593	0.0	0.309286	0.330834	0.268121
Re.bin.219	0.804132	0.387138	0.475737	0.0	0.341396	0.696378	0.456341
Ac.bin.179	0.080523	0.08843	0.336754	0.0	0.134613	0.364575	0.518474
Re.bin.232	1.152494	0.410283	0.878398	0.015161	0.455074	1.243107	1.16382
Ac.bin.155	0.3902675	0.27035	0.467274	0.032949	0.0982005	0.285046	0.445954
Re.bin.312	0.210787	0.311909	0.322166	0.0	0.25523	0.487821	0.379803
Re.bin.153	0.32375	0.063808	0.194834	0.027577	0.17158	0.346754	0.322096
Re.bin.237	0.430517	0.2919	0.407476	0.019503	0.436041	0.872031	0.418834
Re.bin.328	0.122371	0.023525	0.066262	0.00333	0.665197	1.015929	0.103096
Re.bin.124	0.052202	0.247741	0.3124	0.0	0.019158	0.340932	0.231623
Ac.bin.40	1.68881	0.076201	2.074687	0.003935	0.366827	0.213157	1.90858
Re.bin.66	0.080912	0.007143	0.170767	0.0	0.261247	1.697853	0.322179
Ac.bin.221	0.096624	0.0848215	0.22715600000000002	0.018944	0.187022	0.225745	0.2087795
Ac.bin.492	0.194896	0.320454	0.566192	0.033953	0.153746	0.461545	0.441254
Ac.bin.228	0.238987	0.18988	0.259891	0.01019	0.100414	0.249199	0.263866
Ac.bin.316	0.189719	0.159038	0.223708	0.003083	0.978184	0.308291	0.259237
Ac.bin.49	0.347005	0.3819755	0.446303	0.028606	0.53906	0.6217815	0.345938
Ac.bin.377	0.168865	0.177521	0.215298	0.041872	0.184541	0.346893	0.162424
Re.bin.46	0.536376	0.515574	1.276854	0.018692	0.60409	1.280841	1.498595
Re.bin.97	0.108593	0.28825	0.240776	0.0	0.500528	0.655759	0.136691
Re.bin.166	0.259711	0.187898	0.32764	0.308321	0.390324	0.689554	0.296745
Ac.bin.308	0.479091	1.456442	1.245838	0.02393	0.004019	0.01267	0.543865
Ac.bin.64	0.054464	0.038092	0.1442965	0.004339	0.4255815	0.390158	0.185126
Ac.bin.157	0.011573	0.015148	0.014201	0.186641	0.004424	0.017449	0.017971
Ac.bin.473	0.123149	0.351978	0.479078	0.039532	0.170932	0.399625	0.413679
Re.bin.164	0.086706	0.567312	0.618881	0.206379	0.366434	0.30435	0.669122
Ac.bin.14	0.542391	0.07168	0.638459	0.0	0.180658	0.289478	0.756862
Ac.bin.154	0.661121	2.327638	1.162653	0.0	0.211867	0.441591	1.650509
Re.bin.133	0.220074	0.173886	0.581323	0.0	0.192072	0.340424	0.599191
Ac.bin.112	0.155086	0.228127	0.347912	0.017253	0.07994	0.254253	0.273994
Ac.bin.156	0.421332	0.355793	0.487543	0.013453	0.426163	0.753286	0.413664
Re.bin.96	0.332865	0.038409	0.112034	0.005758	0.626155	1.518735	0.130231
Ac.bin.51	0.159084	0.250392	0.211553	0.035291	0.53575	0.443926	0.21804
Ac.bin.66	0.1717165	0.17474	0.246585	0.037099	0.1966235	0.339911	0.2421355
Re.bin.273	0.577923	1.695642	0.902721	0.005471	0.177593	0.617664	1.012786
Re.bin.67	0.262534	0.252646	0.388297	0.018713	0.333478	0.482127	0.412869
Re.bin.95	0.130007	0.649083	0.6131535	0.008074	0.193158	0.368751	0.522868
Ac.bin.304	0.27924	0.228815	0.294553	0.004792	0.1811575	0.491574	0.306239
Ac.bin.355	0.077281	0.085653	0.168658	0.003721	0.221971	0.296609	0.186597
Re.bin.24	0.124008	0.05554	0.213349	0.016198	0.481607	0.483143	0.216479
Re.bin.193	0.101942	0.407392	0.520813	0.047286	0.365103	0.410327	0.611247
Re.bin.228	0.332147	1.001395	1.489491	0.031388	0.039412	0.138182	1.527836
Ac.bin.286	0.10595	0.025422	0.100401	0.002575	0.578771	0.329546	0.118273
Re.bin.284	0.098204	0.150639	0.371817	0.006874	0.433057	0.659375	0.222558
Re.bin.368	0.083994	0.973379	0.671632	0.106871	0.0	0.0	0.24483
Re.bin.392	0.046467	0.024636	0.466846	0.005419	1.01064	0.489478	0.402818
Ac.bin.114	1.000393	2.008533	1.111396	0.011704	0.195063	0.192687	1.445768
Ac.bin.291	0.292477	0.315788	1.423666	0.074821	0.06791	0.637454	1.925221
Re.bin.352	0.306381	0.34922	0.350207	0.010681	0.458512	1.217204	0.498387
Ac.bin.152	0.178335	0.360105	0.33713	0.0	0.333744	0.721799	0.255426
Re.bin.156	0.0796795	0.231134	0.305954	0.0	0.4818605	0.486887	0.325163
Ac.bin.251	0.035097	0.11210500000000001	0.2994865	0.014794	0.343502	0.49591450000000004	0.17700349999999998
Ac.bin.493	0.215849	0.279454	0.322688	0.01503	0.286544	0.7641125	0.287605
Ac.bin.202	0.30539	0.492687	0.599073	0.055102	0.097213	0.688751	0.809191
Ac.bin.294	0.163789	0.0	0.0	0.0	0.72628	0.07998	0.0
Ac.bin.194	0.373427	0.717442	0.870892	0.015792	0.090536	0.3879	1.174466
Ac.bin.430	0.18347999999999998	0.326288	0.1874895	0.661192	0.041246	0.052553	0.141496
Re.bin.43	0.000679	0.009694	2.204865	0.0	0.001792	0.138999	4.153056
Ac.bin.372	0.052438	0.221257	0.30681400000000003	0.11936050000000001	0.566666	0.316913	0.291539
Re.bin.161	0.016929	0.027539	0.056674	0.003937	0.891745	1.037294	0.095583
Re.bin.51	0.37609	0.103087	0.481416	0.007185	0.452825	0.793375	0.47212
Re.bin.380	0.217212	0.06477	0.234848	0.006334	0.325615	0.176639	0.244062
Re.bin.345	0.171253	0.1978545	0.406089	0.0	0.3458085	0.48376300000000005	0.299051
Re.bin.396	0.394638	0.23757	0.472919	0.0	0.2241	0.468649	0.259509
Ac.bin.398	0.35788	1.863095	0.940821	0.023812	0.015305	0.020553	0.550531
Ac.bin.11	0.0326305	0.096406	0.258718	0.015873	0.0362645	0.124961	0.256299
Ac.bin.234	0.1143975	0.05303	0.146495	0.0	0.572101	0.6274854999999999	0.237787
Ac.bin.108	0.24665	0.092553	0.339395	0.029331	0.08635	0.37306	0.389599
Re.bin.109	0.230374	0.180897	0.325241	0.0	0.300886	0.513849	0.343632
Re.bin.154	0.13235	0.18669	0.231608	0.026139	0.07849	0.16658	0.188577
Re.bin.336	0.333647	0.642973	0.421389	0.000442	0.273387	0.290378	0.305568
Re.bin.374	0.304307	0.122467	0.165758	0.0032	0.280018	0.273331	0.239007
Re.bin.230	0.01586	0.049827	0.029261	0.052545	0.213555	0.292195	0.0173
Ac.bin.101	0.21642	0.180949	0.395953	0.007109	0.2135025	0.8364510000000001	0.27636700000000003
Ac.bin.259	0.149327	0.190246	0.31623	0.036151	0.278621	0.4369925	0.3437505
Re.bin.92	0.256337	0.29958	1.330927	0.080747	0.061145	0.676064	1.744464
Ac.bin.58	0.045948	0.529661	0.709553	0.022302	0.215047	0.25462	0.651503
Ac.bin.59	0.196885	0.286371	0.247045	0.0	0.104741	0.518399	0.183104
Re.bin.90	0.036133	0.03357	0.138982	0.037186	0.344324	0.541451	0.252366
Re.bin.235	0.073485	0.361089	0.440605	0.032457	0.192124	0.363253	0.507891
Ac.bin.406	0.220973	0.207905	0.280469	0.003498	0.220539	0.265279	0.273691
Ac.bin.159	0.172024	0.5170675	0.541393	0.0	0.194965	0.43988099999999997	0.287966
Re.bin.290	0.330038	0.289665	0.308422	0.081557	0.111826	0.172606	0.426832
Re.bin.307	0.058969	0.101997	0.264048	0.010921	0.220416	0.234242	0.353517
Re.bin.197	0.047419	0.2218995	0.39716450000000003	0.054847499999999993	0.016023	0.036247	0.333653
Ac.bin.274	0.507278	0.142027	0.624855	0.03756	0.2881	0.318935	0.716937
Ac.bin.26	0.072324	0.180238	0.29835500000000004	0.072505	0.053996	0.248211	0.309654
Re.bin.73	0.195733	0.222796	0.240011	0.103197	0.074209	0.150941	0.273822
Re.bin.249	0.023406	0.021624	0.023406	0.0	0.786442	1.0316955	0.07450999999999999
Ac.bin.94	0.021684000000000002	0.044203	0.141171	0.0	0.299809	0.205939	0.09134149999999999
Re.bin.397	0.131905	0.648166	0.347111	0.004815	0.17739	0.304662	0.380406
Ac.bin.61	0.1934765	0.735025	0.587573	0.0511795	0.251911	0.589973	0.47773
Ac.bin.303	0.0	0.055794	0.0	0.0	1.547959	0.221738	0.0
Ac.bin.239	0.033386	0.024008	0.137888	0.019353	0.26541	0.099396	0.109397
Ac.bin.146	0.8357565	1.847876	1.983844	0.206124	0.047244	0.13418950000000002	3.132883
Ac.bin.366	0.0	0.0	0.057626	0.0	0.914351	0.433682	0.03641
Re.bin.35	0.186636	0.263744	0.37627	0.001862	0.496749	0.969107	0.496998
Ac.bin.338	0.291343	0.650587	0.449743	0.003683	0.112296	0.530332	0.423869
Re.bin.205	1.102158	0.533307	0.351266	0.1360825	1.13449	1.167033	0.5804875
Re.bin.311	0.048083	0.322851	0.346281	0.054293	0.084898	0.265345	0.327923
Ac.bin.139	0.030689	0.090642	0.131732	0.964465	0.011578	0.113348	0.1007135
Ac.bin.266	0.110225	0.293509	0.197671	0.0	0.120124	0.489745	0.23543
Ac.bin.160	0.291249	0.31229	0.547244	0.007194	0.784	0.685858	0.4294
Re.bin.375	0.262726	0.013422	1.2776524999999999	0.010605	0.028211	1.376368	0.989655
Ac.bin.254	0.356455	0.758168	0.861372	0.043387	0.003314	0.125823	0.79438
Re.bin.200	0.01463	0.0	0.002193	0.00306	0.8007495	0.641473	0.006373
Ac.bin.478	0.006323	0.007968	0.00418	0.007417	14.979878	2.185233	0.008368
Ac.bin.204	0.2231035	0.105429	0.194764	0.008896	0.368025	0.9049834999999999	0.230961
Ac.bin.56	0.279226	0.259902	0.363684	0.022891	0.1873355	0.328144	0.458573
Re.bin.300	0.473365	0.290385	0.448729	0.014006	0.324375	0.68294	0.416436
Re.bin.9	0.037085	0.941839	0.099997	0.032159	0.225772	0.323346	0.130539
Ac.bin.7	0.238878	0.151727	0.357275	0.008599	0.278025	0.438909	0.308876
Re.bin.151	0.836873	0.331378	0.952544	0.031102	0.424359	0.670031	0.849239
Ac.bin.172	0.472017	0.0404385	0.107171	0.006194	0.055137500000000006	0.204634	0.125817
Ac.bin.392	0.160372	0.340672	0.4293515	0.015845	0.16623	0.373077	0.4297535
Re.bin.277	0.115515	0.049599	0.055782	0.001203	0.62955	0.640775	0.07581
Ac.bin.233	0.082214	0.2689	0.479773	0.029878	0.18086000000000002	0.4358105	0.421587
Ac.bin.169	0.929729	0.554999	0.979173	0.164216	0.507754	0.610199	0.683275
Ac.bin.256	0.142688	0.164531	0.35932	0.008121	0.19503	0.213117	0.3227995
Re.bin.262	0.886592	0.648405	0.994839	0.006661	0.332462	0.49260800000000005	0.8331985
Ac.bin.244	0.028159	0.039018	0.10580149999999999	0.047172	0.007938	0.0571585	0.114525
Re.bin.339	0.0	0.0564	0.055138	0.003372	0.652085	0.354685	0.1525485
Ac.bin.136	0.106273	0.1899245	0.291298	0.0	0.311887	0.455303	0.216461
Ac.bin.187	0.087951	0.258031	0.279816	0.001431	0.243247	0.334582	0.290862
Re.bin.220	0.209535	0.441594	0.44336	0.003922	0.50763	0.790792	0.304496
Ac.bin.22	0.270539	0.35185	0.383835	0.005433	0.414369	0.8642265	0.3390665
Re.bin.247	0.096594	0.119236	0.263681	0.023213	0.109254	0.58495	0.250214
Ac.bin.20	0.002939	0.461917	0.341025	0.051906	0.024306	0.101719	0.348575
Re.bin.221	0.0	0.0	0.0	4.503768	0.012199	0.0	0.011179
Ac.bin.263	5.764551	0.075439	4.495885	0.000907	1.471569	3.540839	1.853702
Re.bin.208	0.160139	0.210281	0.387105	0.034298	0.192408	0.334638	0.303887
Re.bin.94	0.186371	0.53982	0.663007	0.775134	0.031063	0.159266	0.572391
Re.bin.259	0.609166	0.740338	0.82544	1.472013	1.2773590000000001	1.390971	0.5824735
Re.bin.125	0.004177	0.001364	0.01373	0.032896	0.065233	0.134625	0.003325
Re.bin.276	0.0	0.003998	0.002013	0.001404	1.803391	0.248979	0.002925
Ac.bin.57	0.574544	0.679361	1.038373	0.02867	0.066359	0.097777	0.748331
Re.bin.204	0.112967	0.025237	0.203647	0.291609	0.1740605	0.23499	0.369334
Ac.bin.232	0.3574405	0.6100760000000001	0.886086	0.015787	0.272524	0.519721	0.884028
Ac.bin.175	0.204945	0.322687	0.496667	0.014134	0.536203	0.7494620000000001	0.569758
Ac.bin.368	0.101886	0.120276	0.525228	0.332739	0.307046	0.308787	0.251194
Ac.bin.85	0.147299	0.534433	0.412193	0.064116	0.096814	0.211556	0.381423
Re.bin.145	0.16682	0.0691525	0.279728	0.0	0.3395215	0.27565649999999997	0.1125835
Ac.bin.148	0.003303	0.001202	0.005148	0.00416	1.224964	0.331031	0.006478
Ac.bin.305	0.1476585	0.141384	0.2909155	0.006597	0.1159325	0.323948	0.257353
Ac.bin.189	0.359617	0.122804	0.406527	0.005362	0.487913	0.867407	0.367586
Re.bin.295	0.128149	0.184879	0.418068	0.015858	0.228402	0.18583	0.313916
Re.bin.382	0.005335	0.011983	0.024015	0.41846400000000006	0.0666755	0.166936	0.008766
Re.bin.175	0.528023	0.562315	0.941562	0.039908	0.112922	0.272987	0.828767
Ac.bin.342	0.01026	0.0	0.207009	0.0	0.277317	0.332137	0.1333465
Ac.bin.257	0.33569	0.04476	0.371303	0.0	0.301015	0.386181	0.366817
Ac.bin.476	0.013989	0.00238	0.006404	0.0	1.573875	0.995451	0.020317
Ac.bin.25	0.573633	1.962727	1.2313	0.013506	0.018015	0.094388	0.834937
Ac.bin.344	0.2369	0.641676	1.141289	0.0	0.240198	1.010835	0.824696
Re.bin.13	0.3175555	0.0779595	0.396194	0.0	0.8787955000000001	0.5256695	0.274464
Ac.bin.18	0.372264	0.427752	0.445509	0.012588	0.273538	0.57695	0.499075
Ac.bin.133	0.429311	0.490423	0.397744	0.012624	0.456884	0.676712	0.589188
Re.bin.334	0.003497	0.005552	0.014463	1.531015	0.001026	0.012807	0.011423
Re.bin.305	0.08832799999999999	0.122516	0.3221265	0.053062	0.136261	0.342145	0.39282
Re.bin.229	0.83033	0.5038725	0.879346	0.006916	0.450551	1.5854655	0.8025565
Re.bin.267	0.184137	0.141567	0.044322	0.011577	0.498352	1.007487	0.129037
Re.bin.4	0.002699	0.180108	0.093936	0.080397	0.0	0.054601	0.09428
Ac.bin.162	0.14867049999999998	0.389304	0.341831	0.0	0.291179	0.5500385000000001	0.283112
Re.bin.355	0.0	0.05227	0.073769	0.0	0.194421	0.447122	0.005201
Re.bin.398	0.019348	0.020742	0.026105	5.909753	0.0	0.001937	0.01967
Re.bin.157	0.000442	0.001561	0.001942	0.001805	4.749373	0.035827	0.005643
Ac.bin.405	0.1046465	0.229536	0.39549	0.003266	0.432005	0.66364	0.2871555
Re.bin.77	0.239851	0.0	0.0	0.0	0.55378	1.310629	0.070791
Re.bin.318	0.179292	0.031279	0.058203	0.001194	0.159283	0.435454	0.157537
Re.bin.155	0.1153	0.20512049999999998	0.415154	0.0	0.280308	0.468875	0.3004055
Ac.bin.235	0.338174	0.168765	0.435838	0.012006	0.5121465000000001	0.595127	0.3635875
Ac.bin.250	0.298918	0.4221325	0.6017545	0.046004	0.088967	0.1708925	0.43837349999999997
Re.bin.128	0.062703	0.537908	0.532038	5.011435	0.0	0.055027	0.461266
Ac.bin.230	0.260148	0.343287	0.417048	0.005151	0.172825	0.37122849999999996	0.446926
Re.bin.285	0.044806	0.022664999999999998	0.050658	0.002882	0.350892	0.1972395	0.052148
Ac.bin.364	1.777137	0.007039	0.323056	0.003327	0.082263	0.80659	0.55068
Re.bin.37	0.7605945000000001	0.598246	1.039285	0.24573	0.22133799999999998	0.507419	0.615951
Re.bin.225	0.033063	0.027252	0.116473	0.095848	0.044655	0.193793	0.180601
Re.bin.353	0.038282	0.042719	0.150458	0.007874	0.570755	0.492873	0.081748
Re.bin.391	0.0447105	0.137762	0.0	1.03628	0.4501635	1.0324205	0.043709
Re.bin.227	0.368378	0.158286	0.450877	0.038758	0.138053	0.561196	0.270927
Re.bin.36	0.056734	0.0	0.0	0.0	0.291303	1.168339	0.0
Ac.bin.365	0.536621	0.483663	1.011388	0.01	0.158624	0.730146	0.852243
Ac.bin.409	0.21905	0.400371	0.422896	0.010575	0.407205	0.772199	0.43483
Ac.bin.132	0.065831	0.359607	0.40575700000000003	0.00901	0.044044	0.112754	0.299782
Re.bin.115	0.082197	0.195167	0.1842	0.004344	0.233458	0.597044	0.153725
Ac.bin.53	0.624911	0.129683	0.419613	0.00977	0.569455	0.533353	0.320709
Ac.bin.130	0.147626	0.137237	0.198204	0.0	0.410459	0.76557	0.21864
Re.bin.240	0.102883	0.040942	0.11851300000000001	0.0	0.101155	0.35602449999999997	0.204297
Re.bin.11	0.22866550000000002	0.17239	0.309306	0.017881	0.125585	0.380292	0.229478
Ac.bin.24	0.1318935	0.016384	0.226347	0.13080150000000001	0.046394000000000005	0.1083	0.1696445
Re.bin.86	0.212637	0.0	0.058244	0.1294055	0.3086645	0.8066295	0.1200425
Ac.bin.322	0.305946	0.1858015	0.415202	0.014852	0.3961965	0.6556595000000001	0.428282
Ac.bin.390	0.045473	0.065163	0.164561	0.022504	0.072256	0.149041	0.245713
Ac.bin.276	0.877747	0.214245	0.572864	0.018227	0.590175	0.64724	0.602545
Ac.bin.461	0.097771	0.179968	0.257426	0.016349	0.070731	0.188102	0.197759
Re.bin.226	0.01107	0.04226	0.208631	0.0	0.406106	0.467085	0.209425
Ac.bin.55	0.230831	0.136436	0.346852	0.011681	0.312445	0.717979	0.335204
Re.bin.349	0.255716	0.27242500000000003	1.06736	0.118843	0.164438	0.377887	0.876692
Ac.bin.8	0.125076	0.660859	0.89508	0.021564	0.077748	0.25129	1.309731
Ac.bin.113	15.811817	14.43105	17.861566	0.00978	0.624433	1.278823	13.389367
Ac.bin.83	0.945875	1.069646	1.201558	0.026589	0.452604	0.940386	0.95135
Ac.bin.264	0.314726	0.675473	0.735629	0.098959	0.189633	0.825716	0.607437
Re.bin.81	0.058224	0.1645	0.102446	0.022269	1.495241	3.30583	0.025729
Ac.bin.65	0.138133	0.153943	0.219037	0.0	0.152866	0.397589	0.315464
Re.bin.181	1.530931	2.213179	2.005328	0.01992	0.537582	0.497892	1.708885
Re.bin.299	0.16656	0.2924105	0.360202	0.010289	0.3560775	0.545223	0.373493
Re.bin.103	0.192762	0.042158	0.208934	0.011353499999999999	0.25398	0.87823	0.213471
Ac.bin.415	0.068063	0.901606	0.534716	0.067177	0.065806	0.397061	0.686219
Ac.bin.255	0.202319	0.433975	0.447941	0.012324	0.139887	0.546056	0.556466
Re.bin.222	0.342627	0.132824	0.638512	0.006251	0.1973525	0.487977	0.4733385
Ac.bin.479	0.163701	0.21143	0.267088	0.023398	0.0302	0.099254	0.270885
Re.bin.239	0.885181	0.231811	0.483056	0.0	0.380628	0.283836	0.283731
Re.bin.158	0.178737	0.394209	0.666924	0.0	0.985317	0.337184	0.735006
Re.bin.138	0.053627499999999995	0.060741	0.1608125	0.019821	0.243649	0.3605	0.1510205
Ac.bin.212	0.050655	0.094972	0.145955	0.003966	0.395886	0.2681	0.152098
Re.bin.72	0.120355	0.056229	0.081379	0.00247	0.501004	0.596168	0.113116
Re.bin.306	0.26812	0.196837	0.484065	0.007662	0.172307	0.763264	0.34498
Re.bin.297	0.110068	0.083251	0.265836	0.006498	0.438625	0.532018	0.234495
Re.bin.101	0.072921	0.358611	0.196995	0.004094	0.128803	0.241059	0.266181
Ac.bin.306	0.237982	0.432323	0.396529	0.027965999999999998	0.22020699999999999	0.36291	0.388248
Ac.bin.370	0.189163	0.127023	0.3168545	0.063907	0.054818	0.197736	0.33079
Re.bin.357	4.494294	0.277271	1.76483	0.112558	0.409784	1.295953	2.420743
Ac.bin.218	0.204041	0.169343	0.256127	0.0	0.27369	0.661778	0.282725
Ac.bin.397	2.248062	0.4575165	1.42648	0.382644	0.135541	0.22552	1.608425
Ac.bin.6	0.891964	0.52658	1.497873	0.004925	0.366842	1.230103	1.416353
Ac.bin.87	0.062129	0.039699	0.171789	0.010648	0.282227	0.24322	0.161048
Ac.bin.134	0.149623	0.190927	0.260659	0.0	0.219201	0.380917	0.249767
Ac.bin.3	0.325628	0.505356	0.354172	0.0	0.193499	0.588914	0.419261
Re.bin.358	0.005744	1.338048	0.189646	0.219841	0.010121	0.040024	0.317413
Re.bin.34	0.207636	0.24552249999999998	0.33908	0.020471	0.619886	0.592691	0.297832
Re.bin.91	1.129155	0.507731	0.792669	0.0	0.299612	0.579418	0.782246
Re.bin.117	0.0439035	0.133714	0.146186	0.0	0.08395	0.125925	0.11732000000000001
Ac.bin.86	0.430955	0.875388	0.746505	0.004006	0.204939	0.621944	0.899138
Re.bin.2	2.043518	0.178578	1.053996	0.016352	0.15821	0.971534	1.42146
Re.bin.20	2.070347	0.17231	0.407021	0.035375	0.802293	1.230479	0.660617
Re.bin.61	0.00186	0.004428	0.006572	2.223171	0.006558	0.010362	0.020704
Ac.bin.151	0.159946	0.0	0.4999225	0.0	0.20422	0.909629	0.236485
Ac.bin.446	0.127582	0.247232	0.155273	0.0	0.633361	0.693764	0.100908
Re.bin.313	0.466478	0.035533	0.314958	0.024983	0.86103	0.914072	0.311894
Re.bin.223	0.008231	0.025034	0.098774	0.036473	0.19084	0.192551	0.155515
Ac.bin.248	0.105429	0.2952205	0.3459005	0.0	0.064173	0.254975	0.18256899999999998
Ac.bin.327	0.163345	0.0728645	0.317777	0.009038	0.231981	0.591832	0.2521695
Re.bin.238	0.158021	0.261852	0.866898	0.0	0.148762	0.418821	0.823821
Ac.bin.410	0.081975	0.042685	0.266406	0.003647	0.303629	0.208215	0.267317
Ac.bin.325	0.249104	0.419439	0.4229015	0.005853	0.124408	0.5097970000000001	0.3503505
Re.bin.22	0.020635	0.495862	0.106336	0.973979	0.0	0.0	0.206466
Ac.bin.439	0.127441	0.114947	0.283025	0.002379	0.273444	0.8440475000000001	0.334911
Ac.bin.396	0.151028	0.220406	0.230628	0.0042695	0.211835	0.482311	0.252184
Re.bin.53	0.304672	0.345631	0.463602	0.077121	0.100213	0.579115	0.3875075
Ac.bin.463	0.148828	0.343479	0.548726	0.018193	0.2141	0.375965	0.612275
Ac.bin.296	0.104379	0.021203	0.0421145	0.041454	0.2244075	0.485827	0.037474
Ac.bin.125	0.088954	0.1397435	0.139001	0.0	0.208509	0.289394	0.128906
Ac.bin.494	0.0976915	0.289044	0.327272	0.02722	0.2441565	0.380599	0.331197
Ac.bin.307	0.318841	0.289247	0.441019	0.009651	0.324009	0.9391940000000001	0.4739505
Ac.bin.500	0.082999	0.077646	0.26339999999999997	0.0014595	0.230289	0.308979	0.2736535
Ac.bin.421	0.051153	0.206327	0.190327	0.004282	0.137231	0.248273	0.163904
Ac.bin.31	0.096424	0.089966	0.197239	0.056412	0.0481105	0.180555	0.2257905
Re.bin.261	0.284705	0.6562355	0.702768	0.003884	0.165058	0.318745	0.715162
Re.bin.136	0.097691	0.2379	0.230332	0.0	0.081555	0.239036	0.159437
Ac.bin.105	0.358809	0.563778	1.139858	0.022614	0.712658	1.502031	1.669839
Ac.bin.262	0.109121	0.359739	0.4021855	0.008875	0.164102	0.371892	0.576522
Ac.bin.417	0.0845075	0.34405399999999997	0.4017725	0.019331	0.094158	0.22547899999999998	0.364427
Re.bin.183	0.003773	0.007995	0.080871	0.08746	0.001477	0.03016	0.026807
Re.bin.302	0.011149	0.004551	0.1149135	0.0	0.8786685000000001	0.171958	0.20915299999999998
Re.bin.14	0.561525	1.497106	1.052652	1.826861	0.040813	0.157763	1.677093
Ac.bin.343	0.213602	0.058823	0.125413	0.007484	0.953376	1.0199315	0.157683
Ac.bin.467	0.304307	0.219086	0.391997	0.009717	0.159881	0.336754	0.300082
Re.bin.100	1.949067	0.168695	0.408155	3.354618	0.63881	1.824464	0.491455
Ac.bin.75	0.177399	0.188079	0.26866650000000003	0.0	0.17445850000000002	0.47117149999999997	0.324319
Ac.bin.288	0.011257	0.309116	0.347371	0.048817	0.082969	0.277352	0.335998
Re.bin.131	0.018639	0.0	0.0	0.0	0.945637	0.58354	0.0
Re.bin.286	0.15540700000000002	0.331445	0.6540205	0.030325	0.3553255	0.6361165	0.582784
Ac.bin.346	0.089556	0.232555	0.164281	0.0	0.294228	0.3902875	0.1457705
Ac.bin.486	0.112722	0.031174	0.236564	0.01267	0.576513	0.927755	0.26602
Ac.bin.454	0.163553	0.555204	0.335953	0.0	0.438984	0.854349	0.356489
Re.bin.218	0.0	0.0	0.0	0.0	0.256771	0.219474	0.286705
Re.bin.394	0.136555	0.335604	0.340396	0.00717	0.145256	0.3336675	0.241327
Ac.bin.215	0.154217	0.402892	0.412737	0.0	0.140373	0.324066	0.262138
Re.bin.304	0.073338	0.0321215	0.166993	0.0	0.1045595	0.097193	0.117038
Ac.bin.107	0.01651	0.032419	0.073769	0.002949	0.45976	0.5189064999999999	0.044433
Ac.bin.502	0.1377915	0.250074	0.41363150000000004	0.021956	0.1790525	0.435337	0.4060095
Re.bin.244	0.04782	0.421079	0.159736	0.071486	0.222695	0.377932	0.203645
Ac.bin.451	0.004806	0.015892	0.005602	0.000558	0.913037	0.15263	0.011628
Re.bin.327	0.010285	0.12665	0.39884	0.094872	0.039493	0.134408	0.625991
Ac.bin.158	0.7969805	0.3188375	2.070702	0.012579	0.367188	0.6237535000000001	1.979622
Re.bin.18	0.001993	0.000791	0.001568	0.004165	4.337887	0.599317	0.000964
Ac.bin.174	0.926635	0.039893	0.737366	0.060436	1.158224	1.412444	0.906493
Ac.bin.382	0.078238	0.5585	0.272947	0.080983	0.105947	0.227461	0.399521
Ac.bin.149	0.102017	0.061571	0.223622	0.004856	0.2165695	0.455003	0.253788
Ac.bin.84	0.182252	0.262874	0.2611965	0.0	0.181101	0.3655575	0.264894
Re.bin.63	0.283087	0.337841	0.414934	0.007883	0.104673	0.416097	0.395111
