Genomic_bins	8_paired	9_paired	11_paired	13_paired	12_paired	10_paired	14_paired
Ac.bin.443	0.0	0.024764	0.062137	0.0695295	0.078825	0.1099395	0.1716765
Ac.bin.115	0.0	0.0394595	0.196818	0.209536	0.2293975	0.182683	0.222119
Re.bin.149	0.0	0.006535	1.6591045	0.774426	1.413416	0.754538	0.573432
Ac.bin.442	0.114678	0.91977	0.021609	0.020578	0.012297	0.530104	0.028664
Ac.bin.180	0.0	0.069832	0.090887	0.060132	0.173721	0.148439	0.1700215
Re.bin.283	0.0	0.0	0.6219650000000001	0.655422	0.37104	0.80963	0.678848
Ac.bin.120	0.0	0.012964	0.050324	0.117009	0.062578	0.118944	0.11039
Re.bin.167	0.0	0.008699	2.390149	4.578754	4.739553	1.353677	5.540449
Re.bin.316	0.0	0.011397	1.156066	0.037815	0.023768	0.658832	0.281355
Re.bin.395	2.2369445	0.6948155	0.0	0.0	0.0	0.013943	0.0
Ac.bin.466	0.0	0.007924	0.007108	0.954271	0.894974	0.015408	1.766092
Re.bin.351	0.005117	0.07002	0.265257	0.838831	0.485347	0.317338	0.535467
Ac.bin.40	0.031271	0.085069	0.002431	0.0	0.001494	0.0	0.008799
Ac.bin.214	0.0	0.0	0.156618	0.144888	0.161317	0.349986	0.183842
Re.bin.320	0.0	0.0	0.835849	0.037479	0.030056	0.444283	0.140986
Ac.bin.45	0.019245	0.023877	0.038719	0.196721	0.164943	0.067579	0.331883
Ac.bin.481	0.0	0.0	0.084511	0.440832	0.277913	0.067323	0.180421
Ac.bin.285	0.0	0.02628	0.207153	0.098475	0.117809	0.225714	0.140253
Ac.bin.196	0.0	0.007097	0.126952	0.121814	0.139571	0.16931400000000002	0.2831205
Re.bin.202	0.02	0.009523	0.0023	1.676358	0.943606	0.007555	0.414615
Ac.bin.259	0.0	0.004093	0.125272	0.158398	0.152144	0.233368	0.128006
Ac.bin.70	0.0	0.0	0.185298	0.448821	0.304516	0.114725	0.412779
Re.bin.55	1.4722955	0.094907	0.0	0.0	0.0	0.034781	0.0
Re.bin.372	0.041145	1.436978	0.133341	0.024956	0.032499	3.122865	0.046255
Ac.bin.188	0.0	0.054441	0.056665	0.092139	0.131646	0.120684	0.097462
Re.bin.399	0.0	1.096848	0.0	0.0	0.0	0.0	0.0
Re.bin.326	4.35057	2.444213	0.008833	0.004477	0.005976	0.059938	0.007685
Ac.bin.207	0.016762	0.172911	0.391668	0.165504	0.122197	0.246987	0.169798
Ac.bin.503	0.0	0.044379	0.123179	0.047145	0.044841	0.22742	0.133544
Ac.bin.498	0.0	0.027735	0.127979	0.111927	0.0965265	0.18266	0.114012
Ac.bin.426	0.0	0.019949	0.144788	0.100379	0.125296	0.140348	0.270797
Ac.bin.41	0.0	0.022647	0.021906	0.342315	0.345206	0.030738	0.118352
Ac.bin.129	0.0	0.009585	0.1427475	0.3606275	0.2842035	0.12887949999999998	0.1575995
Re.bin.314	2.532173	0.271406	0.008995	0.007456	0.006837	0.088156	0.013216
Ac.bin.391	0.033289	0.03036	0.604516	0.027487	0.027383	1.046967	0.10345
Ac.bin.201	0.002203	0.004066	0.06290499999999999	0.255968	0.17938199999999999	0.102633	0.19475599999999998
Re.bin.39	0.010188	0.017043	0.934891	0.103898	0.090743	0.888818	0.086823
Ac.bin.119	0.0	0.087979	0.579133	0.013154	0.064752	0.447881	0.085217
Ac.bin.140	0.016777	0.148326	0.11532	0.043252	0.027112	0.178168	0.071518
Re.bin.214	0.002432	0.001129	0.781599	0.003341	0.003803	0.445097	0.416454
Ac.bin.408	0.0	0.007523	0.110596	0.221013	0.15057	0.104193	0.268792
Ac.bin.444	0.0	0.033534	0.129408	0.073664	0.099848	0.231016	0.196604
Re.bin.168	2.7247575	4.174431	0.010647	0.00381	0.002479	1.225347	0.00878
Ac.bin.72	0.0	0.0365495	0.2184465	0.1835885	0.1497605	0.161945	0.190935
Re.bin.281	3.139008	0.085644	0.157571	0.120705	0.132271	0.519792	0.067016
Ac.bin.496	0.0	0.048769	0.126824	0.114444	0.091707	0.158536	0.126387
Ac.bin.181	0.0	0.06026	0.08778	0.379184	0.275785	0.104879	0.301223
Ac.bin.257	0.0	0.077547	0.1239005	0.1591295	0.175581	0.147648	0.067629
Re.bin.99	1.648586	0.056979	0.0	0.0	0.0	0.0	0.0
Ac.bin.198	0.0	0.045804	0.045714	0.138153	0.118669	0.14596	0.151029
Ac.bin.504	0.0	0.020605	0.058318	0.101213	0.18052	0.1445745	0.163927
Ac.bin.216	0.0	0.006397	0.201835	0.098559	0.097568	0.293428	0.105886
Re.bin.348	0.020239	0.024645	0.618516	1.025286	1.006242	0.335567	1.476878
Ac.bin.269	0.0	0.014579	0.194313	0.2149	0.210284	0.154525	0.234553
Re.bin.298	0.0	0.0	0.965413	0.099823	0.054846	0.558079	0.154937
Ac.bin.418	0.0	0.048377	0.22061	0.173895	0.188507	0.280746	0.332441
Ac.bin.182	0.0	0.050346	0.1262805	0.0315305	0.094634	0.135309	0.100987
Ac.bin.339	21.640002	2.932367	0.002627	0.003031	0.001612	0.072818	0.007139
Ac.bin.268	0.045875	0.332588	0.038722	0.278964	0.048626	0.34551	0.0
Re.bin.118	0.308905	6.63988	0.009885	0.006023	0.004635	0.071343	0.013034
Ac.bin.118	0.012395	0.1198595	0.203364	0.044234499999999996	0.04165	0.16727	0.131465
Re.bin.270	0.0	0.00082	0.081751	0.994597	0.552432	0.074417	0.841801
Re.bin.141	0.12099	1.058495	0.220781	0.016132	0.012644	0.172866	0.052873
Re.bin.385	0.147668	0.84315	1.484098	0.132434	0.077117	1.006153	0.246202
Ac.bin.419	0.0	0.0	0.182092	0.210117	0.235423	0.195723	0.322794
Re.bin.93	2.268068	1.546931	0.0741945	0.034741	0.046529	0.113005	0.124297
Ac.bin.227	0.0	0.0298665	0.188127	0.098433	0.180789	0.177377	0.1689675
Ac.bin.153	0.161352	0.300959	0.252469	0.051075	0.06795	0.498605	0.120454
Re.bin.130	2.317366	0.049438	0.0	0.0	0.0	0.0	0.002582
Re.bin.315	0.0	0.001378	2.034457	0.130186	0.078305	1.088707	0.568345
Re.bin.280	0.459447	0.496245	2.241956	0.26183	0.446631	1.04231	0.432234
Re.bin.363	0.0	0.00383	0.014993	0.282636	0.178941	0.011857	1.49515
Re.bin.289	0.059824	0.363123	3.9420285	1.300071	1.949281	1.955497	1.3202539999999998
Re.bin.211	1.605517	0.030306	0.0	0.0	0.0	0.0	0.0
Ac.bin.380	0.0	0.0	0.17625	0.084608	0.129163	0.15136	0.091621
Ac.bin.145	0.200159	0.113162	0.122482	0.168201	0.164528	0.119951	0.121529
Ac.bin.112	0.012223	0.0276405	0.2258555	0.1622955	0.17248	0.262223	0.14328649999999998
Re.bin.69	0.460057	0.071821	2.470416	0.02807	0.060654	1.276209	0.056741
Re.bin.85	0.001461	0.002263	0.003645	0.019514	0.011775	0.002926	4.179125
Re.bin.165	0.705776	0.403773	0.064642	0.0	0.0	0.285588	0.0
Re.bin.122	0.081185	0.859288	0.02338	0.0	0.0	1.10899	0.002256
Ac.bin.362	0.0	0.00075	0.013933	0.315579	0.228907	0.068099	0.023724
Re.bin.31	1.344885	0.056409	0.117597	0.04021	0.021394	0.085911	0.031469
Ac.bin.319	0.0	0.009016	0.359448	0.031846	0.115597	0.241454	0.148992
Ac.bin.89	0.0	0.073975	0.022595	0.1337595	0.095216	0.091977	0.2416815
Ac.bin.4	0.0	0.0	0.089394	0.311646	0.34858	0.081718	0.244273
Ac.bin.335	0.0	0.0	0.0	0.074932	0.049542	0.438014	0.096864
Ac.bin.425	0.200785	0.0	0.215665	0.221303	0.327923	0.156906	0.305313
Ac.bin.116	0.0	0.0	0.053523	0.0	0.069052	0.108147	0.157109
Ac.bin.77	0.0	0.0	0.272536	0.1614195	0.1720755	0.2799025	0.163342
Re.bin.188	3.819836	0.118327	0.016537	0.010459	0.013883	0.014034	0.020737
Re.bin.383	3.535761	0.607722	0.003785	0.004379	0.002609	0.007558	0.007017
Re.bin.213	0.002872	0.0021285	0.166202	3.469459	1.961869	0.138433	3.349855
Re.bin.370	0.0	0.0	0.169174	0.291623	0.160339	0.1200595	0.86065
Ac.bin.281	0.69795	0.714353	0.027528	0.0	0.017558	0.084032	0.040833
Ac.bin.146	0.0	0.0	0.423481	0.096376	0.11443	0.292753	0.333286
Re.bin.379	0.15766	1.439534	0.04827	0.012433	0.007089	0.0753	0.014524
Ac.bin.29	0.305607	0.140016	0.169484	0.095771	0.082173	0.167907	0.200127
Re.bin.152	0.0	0.004336	0.021753	0.952874	1.209957	0.017057	2.38157
Re.bin.287	0.006135	0.039215	6.357419	0.299199	0.206191	3.95334	0.020885
Re.bin.6	2.047801	0.02828	0.000939	0.0	0.0	0.0	0.002719
Re.bin.282	0.007669	0.006792	0.012183	0.218637	0.134673	0.00775	3.076801
Re.bin.386	0.0	0.002322	1.656169	0.557751	0.306372	0.90138	0.256639
Re.bin.179	3.762547	0.094484	0.000802	0.002887	0.001642	0.001891	0.005029
Ac.bin.448	0.0	0.006064	0.037174	0.409433	0.373729	0.053599	0.100178
Re.bin.52	0.005039	1.212673	3.653812	0.028992	0.033738	2.106971	0.090975
Ac.bin.191	0.0	0.009429	0.10557649999999999	0.406907	0.2994115	0.1013125	0.307223
Ac.bin.271	0.0	0.044366	0.032355	0.132802	0.152461	0.090893	0.096918
Ac.bin.323	0.0	0.017253	0.148057	1.125452	0.754839	0.073218	0.156859
Re.bin.311	0.563812	1.178035	0.030143	0.019335	0.023853	0.084349	0.02617
Ac.bin.137	0.088208	0.162453	0.005816	0.0	0.0	0.071648	0.157531
Re.bin.335	0.262677	0.973531	0.042409	0.0	0.0	0.047625	0.0
Ac.bin.34	0.0	0.107749	0.444968	0.089014	0.336994	0.584561	0.230842
Ac.bin.392	0.036501500000000006	0.093691	0.053024	0.043907	0.044713	0.154276	0.061963
Ac.bin.23	0.0	0.01241	0.070523	0.1472	0.160819	0.124189	0.269801
Re.bin.78	0.0	0.0	0.71564	0.011265	0.0	0.2817585	0.13488
Re.bin.146	0.0	0.100968	1.51411	1.872323	1.071385	0.993366	0.932578
Ac.bin.222	0.034374	0.102505	0.146335	0.028294	0.124164	0.359516	0.071737
Re.bin.1	0.0	0.0	0.232826	0.442436	0.243343	0.113151	0.574149
Re.bin.127	0.466904	1.083534	0.021514	0.0	0.0	0.087528	0.004538
Ac.bin.189	0.0	0.008383	0.026874	0.1615025	0.135307	0.033185	0.16796
Re.bin.317	0.016652	1.565329	0.13758	0.008151499999999999	0.003431	0.950008	0.026038
Ac.bin.241	0.0	0.0	0.069395	0.006313	0.006546	0.200489	0.149539
Re.bin.268	0.002731	0.040744	2.819409	0.353894	0.204291	1.787113	0.400627
Re.bin.132	0.022826	0.183077	0.371763	0.004354	0.002225	1.157307	0.003772
Ac.bin.374	0.0	0.016199	0.137333	0.354682	0.267098	0.128523	0.097706
Ac.bin.67	0.012911	0.085798	0.064148	0.064289	0.044002	0.185475	0.101294
Ac.bin.100	0.0	0.0787895	0.388565	0.0854235	0.058554999999999996	0.335178	0.1398355
Ac.bin.459	0.0	0.025947	0.060034	0.093204	0.094201	0.089259	0.162432
Ac.bin.321	0.003908	0.004112	0.009541	0.648613	0.754025	0.051637	0.061773
Ac.bin.445	0.0	0.044688	0.058286	0.298021	0.357786	0.099958	0.163602
Ac.bin.190	0.0	0.13176	0.144621	0.1048615	0.0909345	0.19252249999999999	0.1797535
Re.bin.170	0.187499	2.21675	0.255978	0.01029	0.00639	0.520887	0.036961
Ac.bin.17	0.025924	0.029341	0.148214	0.1129385	0.144687	0.186393	0.1686315
Re.bin.233	0.0	0.0	0.209298	0.542559	0.396213	0.100019	0.352329
Re.bin.266	0.092517	1.069626	2.095688	0.045643	0.08469	2.234657	0.763512
Re.bin.91	0.016011	0.113791	2.705221	0.163404	0.128978	1.631939	0.918826
Re.bin.178	0.00131	0.004763	2.865019	0.020206	0.012638	1.83788	0.073354
Ac.bin.81	0.0	0.016996	0.11483950000000001	0.1433625	0.1196725	0.16750199999999998	0.10474
Ac.bin.121	0.0	0.014905	0.327347	0.108001	0.108334	0.255402	0.243899
Re.bin.120	0.223709	1.161004	0.013823	0.015876	0.008963	0.098687	0.032649
Ac.bin.299	0.009626	0.058524	0.233144	0.031775	0.088647	0.108001	0.069665
Ac.bin.206	0.046963000000000005	0.16635450000000002	0.032622	0.0	0.0	0.1278725	0.077985
Ac.bin.401	0.0	0.04486	0.157031	0.185034	0.220557	0.321531	0.190824
Re.bin.250	0.0	0.005012	0.862846	0.035597	0.022461	0.799882	0.058322
Ac.bin.270	0.0	0.016023	0.1754365	0.0906	0.1457805	0.25494	0.153041
Re.bin.216	6.14022	0.347488	0.011266	0.009129	0.009242	0.028724	0.016776
Ac.bin.203	0.018114	0.064846	0.009654	0.052897	0.038625	0.084071	0.043082
Re.bin.148	0.387861	2.730344	0.009907	0.008677	0.008805	0.015994	0.017889
Ac.bin.170	0.0	0.003031	0.423662	0.103966	0.060027	0.609952	0.088846
Re.bin.196	0.0	0.01235	3.139073	1.914483	1.134045	1.992709	0.049679
Ac.bin.71	0.0	0.019754	0.217262	0.1055	0.123885	0.217746	0.183077
Ac.bin.447	0.0	0.031547	0.0877975	0.20821800000000001	0.2355335	0.161408	0.13604650000000001
Re.bin.381	0.0	0.014728999999999999	0.324325	2.377183	2.792517	0.214615	0.535195
Ac.bin.477	0.0	0.03963	0.08632899999999999	0.120339	0.133217	0.089726	0.16148
Ac.bin.73	0.0160405	0.048135	0.136749	0.135525	0.1577615	0.212795	0.1075
Re.bin.341	0.037739499999999995	0.092471	0.479984	0.022239000000000002	0.021975	0.324217	0.407767
Re.bin.32	0.307056	4.53095	0.003901	0.003898	0.004194	0.014838	0.005399
Ac.bin.361	0.0	0.015419	0.0931395	0.1573755	0.138853	0.145507	0.1699025
Ac.bin.480	0.0	0.002981	0.002599	0.932543	0.653781	0.0116	0.331748
Ac.bin.499	0.001172	0.004288	0.032341	0.258543	0.186693	0.061033	0.281813
Ac.bin.332	0.0	0.036248	0.087795	0.137717	0.146391	0.13743100000000003	0.189371
Re.bin.325	0.017333	0.769882	0.008006	0.001608	0.0	2.477317	0.001728
Re.bin.89	28.822201	2.499433	1.291979	0.143199	0.321786	1.122642	0.15613
Re.bin.206	0.262409	1.418155	0.763188	0.023826	0.033812	0.735433	0.011597
Re.bin.159	0.38688199999999995	1.074539	0.126749	0.054312	0.0314525	0.114358	0.024566499999999998
Re.bin.224	0.0	1.082487	0.0	0.0	0.0	0.014112	0.0
Re.bin.330	1.482397	1.084088	0.0	0.0	0.0	0.118257	0.0
Ac.bin.400	0.0	0.053493	0.087059	0.113036	0.08291	0.259834	0.163792
Re.bin.137	0.475759	1.10893	0.0	0.0	0.0	0.008533	0.0
Ac.bin.395	0.0	0.024053	0.1141355	0.129808	0.1284835	0.129816	0.185176
Ac.bin.171	0.03328	0.104545	0.664001	0.072258	0.056562	0.464916	0.035497
Re.bin.140	0.0	0.0	0.580048	0.17475000000000002	0.0988	0.493114	0.190022
Re.bin.323	2.102802	0.265363	0.5542835	0.013252	0.033249	0.296104	0.152192
Re.bin.387	0.001351	0.001654	1.567871	0.004895	0.003705	0.926409	0.005558
Ac.bin.226	0.0	0.001803	0.02787	0.412484	0.359891	0.092746	0.115848
Ac.bin.247	0.0	0.129937	0.024073	0.015453	0.014847	0.072072	0.078587
Ac.bin.300	0.0	0.009029	0.195665	0.178815	0.119451	0.170977	0.182964
Re.bin.324	0.133927	22.366318	0.016151	0.016556	0.010216	0.093509	0.025436
Re.bin.84	20.721847	2.775925	0.002518	0.001889	0.00169	0.06438	0.003938
Re.bin.236	0.0	0.002754	0.007195	3.176377	2.907691	0.005154	0.03037
Ac.bin.238	0.0	0.033407	0.21767	0.18705349999999998	0.146705	0.1566205	0.15687649999999997
Re.bin.340	0.436023	1.384565	0.016094	0.00471	0.002299	0.209782	0.01615
Ac.bin.261	0.0	0.016836	0.421933	0.079015	0.091058	0.317656	0.169404
Re.bin.59	0.012401	0.029201	1.153109	0.007963	0.005244	1.254571	0.067964
Re.bin.177	0.951924	0.412403	0.62188	0.059267	0.05916	0.446297	0.033607
Ac.bin.21	0.0	0.0	0.241262	0.1707495	0.097408	0.1362325	0.0499655
Re.bin.332	0.0	0.0	0.021714	0.169666	0.097324	0.017803	1.583081
Ac.bin.267	0.0	0.0200785	0.1057775	0.191881	0.2117345	0.200583	0.169776
Re.bin.209	0.0	0.0	0.0	0.844395	0.603468	0.0	0.332558
Ac.bin.283	0.0	0.002736	0.02144	0.407659	0.383816	0.037825	0.301711
Re.bin.119	0.0	0.007961	1.543202	0.018239	0.027674	1.341322	0.033743
Ac.bin.298	0.0	0.012947	0.190381	0.131798	0.142064	0.181906	0.206738
Re.bin.3	0.018467	1.286236	1.167423	0.10613	0.200667	0.559753	0.267044
Ac.bin.312	0.0	0.041709	0.1511985	0.045008	0.0464705	0.307422	0.08314150000000001
Re.bin.384	0.0	0.020594	3.284091	0.018512	0.020488	1.877981	0.026025
Re.bin.218	19.132237	0.485471	0.002294	0.005867	0.00319	0.002639	0.011391
Ac.bin.309	0.034583	0.192406	0.0	0.0	0.029011	0.0764685	0.057742
Re.bin.56	0.0	0.1199945	13.395351	0.475316	0.801155	5.574932	2.140894
Re.bin.210	0.034483	0.055546	0.390989	0.098276	0.055879	0.252406	0.318225
Re.bin.212	0.0	0.0	0.0	0.799671	0.449957	0.0	0.350341
Ac.bin.176	0.029447	0.077549	0.182697	0.085135	0.091707	0.232688	0.111768
Ac.bin.82	0.015057	0.0453615	0.0957775	0.131452	0.09571199999999999	0.118064	0.1982625
Re.bin.27	6.682517	0.074828	0.028246	0.023026	0.021775	0.040406	0.037041
Re.bin.388	0.0	0.0	0.194587	0.020614	0.011206	0.153779	1.782369
Ac.bin.173	0.047836	0.071537	0.416467	0.085482	0.078319	0.299042	0.134219
Re.bin.362	6.5942965000000004	0.10532	0.00242	0.003204	0.019806	0.010932	0.009311
Ac.bin.243	0.0	0.027586	0.051037	0.166394	0.28095	0.015619	0.134021
Ac.bin.436	0.337551	0.743063	0.083377	0.0	0.006959	0.345606	0.0
Re.bin.279	0.708319	1.580463	0.017651	0.001944	0.007279	0.125616	0.049371
Re.bin.150	0.00136	0.004586	2.166985	0.007745	0.007272	1.078593	0.251587
Ac.bin.168	0.0	0.0	0.09242600000000001	0.219229	0.148457	0.127827	0.2385995
Ac.bin.39	0.0	0.048825	0.070953	0.047294	0.039576	0.152958	0.088045
Re.bin.68	1.794902	2.695047	0.016693	0.005047	0.007298	0.387632	0.025225
Ac.bin.242	0.01872	0.034133	0.103431	0.143406	0.197473	0.109332	0.16335
Re.bin.172	0.003996	0.003341	1.031356	0.036111	0.02643	1.010997	0.371016
Re.bin.393	0.005066	0.018075	1.635264	0.17172	0.220478	0.567217	0.691719
Re.bin.364	0.031163	0.177068	0.244664	0.012128	0.0092875	1.120458	0.00598
Ac.bin.464	0.0	0.011675	0.060398	0.100965	0.138982	0.198536	0.147257
Ac.bin.164	0.0	0.038457	0.219346	0.071533	0.070582	0.164333	0.142583
Ac.bin.295	0.071718	0.131667	0.142628	0.079795	0.188577	0.203236	0.182134
Ac.bin.135	0.0	0.008122	0.029505999999999998	0.309213	0.19515100000000002	0.0649975	0.337098
Re.bin.241	0.194685	0.00441	1.345459	0.004069	0.005098	0.88415	0.005214
Re.bin.116	0.003213	0.005018	1.897442	0.975881	0.562389	1.456949	0.039936
Re.bin.333	12.100585	1.97952	0.002993	0.002002	0.002409	0.019314	0.003772
Ac.bin.229	0.9533515000000001	0.608728	0.07602800000000001	0.102307	0.0657745	0.265876	0.026548
Re.bin.303	0.001603	0.0080725	2.727576	0.009805	0.009996	4.637076	0.02888
Ac.bin.315	0.0	0.009173	0.047187	0.558759	0.363442	0.038687	0.094442
Re.bin.344	0.528947	2.524439	0.007338	0.006493	0.003546	0.525162	0.00776
Ac.bin.328	0.0	0.013649	0.086449	0.258358	0.208374	0.0901255	0.246735
Ac.bin.91	0.0125	0.016643	0.300867	0.129758	0.191105	0.333865	0.2595275
Ac.bin.109	0.010279	0.074154	0.133522	0.059653	0.080334	0.230003	0.08879899999999999
Ac.bin.468	0.073801	0.03787	0.14041	0.056069	0.017936	0.207967	0.208069
Ac.bin.117	0.0	0.04724	0.08668	0.104429	0.054977	0.054293	0.078882
Re.bin.83	0.022696	0.026574	1.373047	0.168934	0.180053	0.684175	0.790267
Re.bin.240	0.0	0.0	0.080387	0.085066	0.057358	0.059694	1.3418014999999999
Re.bin.389	0.009438	0.012815	1.144972	0.714537	1.052212	0.50666	0.396217
Re.bin.108	0.107548	0.748956	0.826135	0.02721	0.027784	0.416995	0.036255
Re.bin.57	0.0	0.0	0.604975	0.0	0.0	0.313279	0.095697
Re.bin.171	0.0	0.0	1.625616	0.316939	0.249661	1.849855	0.10581650000000001
Ac.bin.353	0.0	0.0086555	0.0559655	0.190868	0.25688350000000004	0.116515	0.278858
Re.bin.22	0.299618	5.604051	0.003089	0.003433	0.00247	0.687864	0.008634
Re.bin.194	5.9818645	0.22498	0.0611565	0.01648	0.026289	0.184592	0.020617
Re.bin.174	0.033318	1.292411	0.002685	0.004915	0.0036365	0.00303	0.03221
Re.bin.126	0.573847	0.792044	0.608112	0.00368	0.002774	1.058447	0.019715
Ac.bin.483	0.0	0.045513	0.189972	0.141788	0.126471	0.241707	0.09878
Ac.bin.399	0.0	0.0	0.335839	0.135506	0.127271	0.269634	0.165551
Ac.bin.302	0.008444	0.03968	0.113759	0.066272	0.0828705	0.150021	0.120864
Ac.bin.225	0.0	0.020101	0.125966	0.08771	0.15659	0.195122	0.172101
Ac.bin.110	0.029901	0.0447265	0.128824	0.046534	0.081088	0.131999	0.06259050000000001
Ac.bin.489	0.0	0.0	0.316299	0.3942565	0.106525	0.344411	0.350202
Ac.bin.292	0.0	0.0	0.169926	0.2581075	0.206142	0.200262	0.09132399999999999
Ac.bin.97	0.0	0.0	0.204839	0.967622	0.311244	0.0	0.544115
Re.bin.278	2.659409	0.066863	0.0	0.0	0.0	0.0	0.0
Ac.bin.430	0.0	0.0	0.387164	0.3714805	0.520954	0.098235	0.262178
Ac.bin.433	0.0	0.0	0.211604	0.236513	0.224591	0.254265	0.141037
Re.bin.354	0.0	0.003958	0.133277	0.558535	0.70752	0.122636	2.1716
Re.bin.4	0.0	0.0	0.015811	0.904677	0.623766	0.012381	0.832666
Re.bin.20	1.491754	0.084235	0.01059	0.003153	0.003096	1.153216	0.006177
Re.bin.128	18.819041	0.303307	0.004117	0.003786	0.003861	0.002973	0.008028
Re.bin.391	0.009173	2.234636	0.006789	0.011095	0.007493	0.008255	0.017504
Re.bin.23	0.014716	0.02369	1.671277	0.346599	0.219354	0.763441	0.664011
Ac.bin.352	0.0	0.0	0.043806	0.35239	0.334407	0.032027	0.283916
Re.bin.337	0.0	0.0	0.005448	3.288067	1.878604	0.004268	1.479703
Re.bin.21	0.762653	2.644191	0.0027435000000000003	0.0	0.0	0.006918	0.004374
Ac.bin.350	0.0	0.02249	0.287648	0.155424	0.172372	0.2744	0.166069
Ac.bin.412	0.0	0.026852	0.171259	0.08896000000000001	0.065206	0.26595	0.091698
Re.bin.161	0.189504	1.132861	2.702444	0.540964	0.29533	1.904528	2.093347
Ac.bin.1	0.0	0.0	0.348766	0.199965	0.073651	0.410535	0.307308
Re.bin.291	0.002861	0.0048319999999999995	0.056103	2.501235	1.756393	0.033266	1.019994
Re.bin.201	1.976854	0.058916	0.0	0.0	0.0	0.0	0.0
Ac.bin.161	0.0	0.0	0.0	0.54698	0.201429	0.067925	0.279842
Re.bin.62	0.142172	3.339063	0.021696	0.004249	0.000821	0.05253	0.012932
Re.bin.264	0.0	0.067037	1.662632	0.114802	0.169342	1.310889	0.147291
Ac.bin.163	0.0	0.0	0.114659	0.156666	0.148877	0.138324	0.13933
Re.bin.331	5.114444	0.032938	0.329934	0.003481	0.003537	0.273301	0.003556
Ac.bin.293	0.0	0.030851	0.10073850000000001	0.15205000000000002	0.100615	0.23933500000000002	0.074521
Ac.bin.106	0.0	0.028255	0.210997	0.103806	0.090769	0.303562	0.158834
Ac.bin.44	0.021988	0.301222	0.001359	0.018746	0.020712	0.135538	0.030483
Re.bin.114	0.0	0.004149	0.006989	13.766848	8.182735	0.005942	0.056606
Ac.bin.253	0.0	0.0210055	0.202099	0.220704	0.23255900000000002	0.231348	0.2519525
Ac.bin.394	0.0	0.026504	0.094931	0.208762	0.147448	0.118696	0.18732
Re.bin.71	1.572695	0.708052	0.002418	0.0	0.0	0.375888	0.0
Ac.bin.224	0.0	0.0	0.187404	0.181615	0.184273	0.1567	0.214456
Re.bin.51	0.0	0.005933	0.017975	1.057178	1.107238	0.011314	2.798108
Re.bin.255	5.572173	0.320873	0.014698	0.001648	0.006544	0.116697	0.018212
Re.bin.5	0.0	0.002419	1.53503	0.271631	0.161524	0.92214	0.396739
Re.bin.309	0.0	0.008902	0.620281	0.104574	0.09434	0.304096	0.474376
Ac.bin.488	0.0	0.0	0.111856	0.195534	0.206685	0.163053	0.315073
Ac.bin.33	0.004388	0.001476	0.002292	0.572743	0.368745	0.055348	0.024031
Re.bin.74	0.0	0.0	0.002588	2.759412	1.911831	0.0	0.124534
Ac.bin.9	9.403307	1.427015	0.00106	0.0	0.001303	0.011528	0.0
Ac.bin.434	0.061949	0.245434	0.01151	0.017066	0.0	0.092674	0.008002
Re.bin.263	0.0	0.0	0.0	0.859781	0.481906	0.0	0.211816
Re.bin.58	0.0	0.0	0.27610999999999997	0.545097	0.320319	0.169679	0.707378
Ac.bin.260	0.047192	0.0311485	0.08538	0.10621900000000001	0.0807745	0.290203	0.225935
Re.bin.110	0.036728	0.064404	0.336663	0.366073	0.234734	0.188295	0.425873
Ac.bin.76	0.0	0.024588	0.3121745	0.075082	0.0568195	0.3130125	0.320755
Ac.bin.92	0.0	0.044783	0.132321	0.10863	0.100221	0.15465099999999998	0.145268
Re.bin.80	0.01179	0.630004	0.458724	0.042505	0.0472	0.28722	0.017276
Ac.bin.265	0.0	0.045312	0.062015	0.087038	0.065727	0.160223	0.090257
Ac.bin.484	0.026088	0.010643	0.241062	0.2208585	0.241571	0.3105365	0.40427
Ac.bin.438	0.0	0.002992	0.278906	0.160536	0.144986	0.253572	0.21168
Re.bin.329	0.013272	0.125217	0.006364	0.009875	0.006518	1.436785	0.006175
Ac.bin.422	0.369887	0.082403	0.040175	0.049676	0.100619	0.034894	0.067731
Re.bin.369	0.0	0.008221	0.038289	35.295541	21.727435	0.041045	0.408593
Re.bin.402	0.135002	0.239951	0.118646	0.209535	0.125414	0.085957	0.464873
Re.bin.54	0.049902	0.070313	3.346288	1.164839	0.65433	3.911136	0.909185
Ac.bin.450	0.0	0.04536	0.2002515	0.136852	0.1389215	0.306097	0.13730900000000001
Re.bin.25	0.0	0.0	0.62852	0.0	0.001333	0.737161	0.00512
Ac.bin.354	0.003983	0.34188	0.023468	0.034784	0.005248	0.899995	0.003154
Ac.bin.90	0.0	0.006841	0.3937685	0.070083	0.071944	0.3582885	0.164375
Re.bin.343	0.003448	0.073888	0.189998	0.917771	0.509469	0.115446	0.336463
Re.bin.176	0.026747	0.041934	0.407778	0.223214	0.208093	0.647745	0.215185
Ac.bin.93	0.0	0.004299	0.264501	0.108104	0.153949	0.211705	0.094639
Ac.bin.36	0.300375	0.358489	0.061306	0.012545	0.022199	0.035144	0.046091
Ac.bin.331	0.0	0.041278	0.097844	0.073759	0.11627	0.015081	0.062968
Ac.bin.423	0.2914565	0.298908	0.068985	0.009704	0.007737	0.32742	0.0291
Re.bin.301	1.370568	0.188202	1.122829	0.326617	0.347309	0.794689	0.838497
Re.bin.144	0.074953	0.752731	0.009186	0.0	0.0	0.694404	0.0
Ac.bin.435	0.170195	0.684681	0.005979	0.01801	0.005378	0.041743	0.04739
Ac.bin.469	0.061535	0.1081695	0.0749365	0.032551	0.024822	0.186191	0.0754995
Ac.bin.452	0.019195	0.075779	0.270839	0.2173175	0.159551	0.141781	0.261317
Re.bin.294	0.019092	0.038898	3.756932	0.243507	0.393242	3.064502	0.177816
Re.bin.111	2.293468	0.232183	0.000878	0.000845	0.000574	0.002045	0.002442
Re.bin.296	1.944227	0.526365	0.022828	0.015952	0.016306	0.015654	0.029577
Ac.bin.485	0.018186	0.09622	0.17073	0.0989855	0.112794	0.1241545	0.15298699999999998
Re.bin.207	0.0	3.295294	0.079995	0.032753	0.063476	0.044969	0.021796
Re.bin.60	0.027514	0.167904	0.012553	0.0	0.0	0.944174	0.0
Ac.bin.465	0.0	0.025872	0.075506	0.141235	0.159499	0.129774	0.134428
Ac.bin.165	0.0	0.028305	0.092533	0.16561599999999999	0.16152	0.137076	0.15056799999999998
Re.bin.12	0.0	0.0	1.118819	0.667154	0.371106	0.993593	0.868629
Ac.bin.345	0.018742	0.09293599999999999	0.1244555	0.07565949999999999	0.077296	0.1628055	0.109854
Ac.bin.326	0.0	0.017691	0.104838	0.180573	0.169623	0.125621	0.181822
Ac.bin.359	0.0	0.0	0.089086	0.366175	0.281332	0.048097	0.304558
Re.bin.28	0.0	0.0	0.578101	0.138082	0.0973745	0.384289	0.249979
Ac.bin.220	0.0	0.0	0.0	0.343286	0.294915	0.0	0.244334
Ac.bin.195	0.101593	0.104589	0.0319595	0.013634	0.07968	0.1164165	0.036395
Ac.bin.122	0.213042	0.19036950000000002	0.293127	0.325264	0.3758705	0.33278	0.34535649999999996
Re.bin.252	1.446317	1.198784	0.305509	0.017293	0.033891	0.84069	0.063107
Re.bin.336	0.005433	0.008509	0.173219	6.677296	6.658092	0.1102175	3.184243
Re.bin.87	0.0	0.013606	0.136799	1.122221	0.975267	0.042739	1.036781
Ac.bin.124	0.0	0.059444	0.052599	0.2589845	0.205316	0.1283015	0.15543
Ac.bin.35	0.0	0.028127	0.178794	0.145219	0.110926	0.23992449999999999	0.13190200000000002
Re.bin.64	1.433051	1.539197	0.004668	0.002553	0.001361	0.227703	0.00287
Ac.bin.144	0.0	0.053806	0.091406	0.099793	0.099993	0.16593	0.22784
Re.bin.319	3.085696	0.078575	0.008176	0.0	0.006719	0.02131	0.013436
Re.bin.173	2.185352	1.273523	0.013914	0.007557	0.006068	0.010992	0.016858
Ac.bin.371	0.0	0.011546	0.466889	0.237206	0.173911	0.307175	0.401752
Ac.bin.69	0.0	0.036151	0.174417	0.162101	0.180341	0.20517	0.22882
Ac.bin.231	0.0	0.046512	0.112397	0.097753	0.110493	0.212588	0.157073
Re.bin.134	0.0	0.0	0.206412	0.231593	0.128434	0.156881	0.598259
Re.bin.366	0.0	0.0	0.750403	0.0	0.0	0.339536	0.0
Ac.bin.48	0.049884	0.2636175	0.021051	0.0	0.0	0.0618495	0.0539425
Re.bin.30	0.0	0.0	0.775031	0.020693	0.017557	0.336868	0.0864325
Ac.bin.208	0.005735	0.028841	0.140604	0.169099	0.157855	0.207037	0.251458
Ac.bin.289	0.0	0.0	0.008775	1.437941	1.394635	0.0	0.059461
Re.bin.299	0.0	0.002491	0.047484	0.005511	0.003494	0.02251	1.858381
Re.bin.187	0.011028	0.003228	1.426993	0.289589	0.17883	0.815143	1.339344
Ac.bin.482	0.0	0.04107	0.276167	0.086769	0.162847	0.297809	0.176191
Ac.bin.275	0.0	0.023426	0.045548000000000005	0.18653599999999998	0.1704795	0.08246300000000001	0.205186
Ac.bin.487	0.0	0.0	1.716713	0.011059	0.008631	1.773574	0.054429
Ac.bin.314	0.025865	0.248621	0.043296	0.021451	0.032425	0.078632	0.039441
Ac.bin.456	0.040493	0.059579	0.108655	0.081474	0.07968	0.086235	0.151894
Re.bin.105	7.082481	6.875127	0.113417	0.010317	0.008304	0.074352	0.015851
Re.bin.199	0.0	0.01901	0.818356	0.024608	0.046962	0.54791	0.168378
Ac.bin.329	0.0	0.006403	0.4488775	0.418818	0.362044	0.134741	0.5494614999999999
Re.bin.82	0.087211	0.01488	1.362849	0.314908	0.195267	0.899881	0.196935
Ac.bin.375	0.0	0.023577	0.123835	0.135718	0.164647	0.1455975	0.228704
Re.bin.44	0.41309	0.058541	3.079692	0.069145	0.136535	4.767445	1.289945
Re.bin.257	0.0	1.25537	0.009762	0.004734	0.0	0.022863	0.020142
Re.bin.260	0.0	0.00305	0.111291	1.181472	0.682305	0.068886	0.129786
Ac.bin.258	0.002405	0.029659	2.635696	0.327933	0.186945	1.563969	0.412324
Re.bin.378	0.0	0.00792	1.626807	0.5036134999999999	0.467754	1.380361	0.481459
Re.bin.104	0.0	0.0	0.112818	0.698264	0.398101	0.081841	1.064722
Ac.bin.340	0.006614	0.0456615	0.210023	0.094377	0.082946	0.276109	0.1392085
Ac.bin.101	0.0	0.080556	0.090551	0.080333	0.064154	0.311158	0.239856
Ac.bin.407	0.0	0.0197525	0.168734	0.318176	0.243049	0.211515	0.231326
Ac.bin.369	0.0	0.027613	0.068115	0.169128	0.174515	0.044143	0.089913
Re.bin.135	9.567063	3.022864	0.037046	0.014693	0.015732	0.787843	0.035452
Ac.bin.490	0.0	0.003368	0.762601	0.330975	0.161306	0.511222	0.395061
Ac.bin.441	0.013996	0.050256	0.3963465	0.273141	0.23730400000000001	0.357229	0.524685
Ac.bin.449	0.0294705	0.0940085	0.1683135	0.123852	0.1366505	0.1456365	0.25068
Ac.bin.38	0.0	0.0	0.630316	0.0	0.0	0.3872	0.0
Re.bin.273	0.005915	0.006665	0.013211	1.276731	1.016321	0.009393	1.343349
Re.bin.76	4.575618	0.098422	0.004762	0.016455	0.007065	0.007609	0.00807
Re.bin.143	1.814194	0.394766	0.001281	0.0	0.0	0.022751	0.002019
Ac.bin.356	0.0	0.0	0.172819	0.075307	0.141133	0.138442	0.209318
Re.bin.367	0.020775	0.235662	0.997924	0.068555	0.1086715	0.3699705	0.187181
Re.bin.180	0.0	0.0	0.570751	0.0	0.0	0.322209	0.0
Ac.bin.236	0.0	0.03218	0.198231	0.129794	0.143608	0.180572	0.128447
Ac.bin.184	0.0	0.039176	0.168193	0.0	0.046938	0.301581	0.152496
Re.bin.290	0.34911	1.626592	0.016205	0.005779	0.003443	0.036502	0.027481
Ac.bin.384	0.024664	0.034177	0.10589699999999999	0.066733	0.078461	0.145483	0.1382835
Ac.bin.98	0.01615	0.004001	0.006066	0.240511	0.137168	0.004362	3.461678
Ac.bin.12	0.0600325	0.081038	0.700687	0.1272545	0.098471	0.5348135	0.276198
Re.bin.139	0.020175	0.023386	0.196521	0.502248	0.39401	0.129168	0.612748
Re.bin.321	0.378953	1.121413	0.111975	0.009997	0.006184	0.181331	0.197121
Re.bin.186	0.0	0.0	0.750002	0.0	0.0	0.44159349999999997	0.0
Re.bin.247	1.782454	0.039916	0.0	0.0	0.0	0.0	0.0
Ac.bin.245	0.0	0.0622635	0.065449	0.140412	0.11410400000000001	0.253706	0.1851885
Re.bin.8	0.0	0.0	0.0	0.841476	0.467172	0.0	0.031713
Ac.bin.197	0.0	0.018202	0.122648	0.088675	0.144109	0.112252	0.147016
Re.bin.254	1.66713	3.938546	0.007303	0.005016	0.007068	0.102668	0.007644
Ac.bin.379	0.0	0.028238	0.21316200000000002	0.2260205	0.33174349999999997	0.14481	0.13296750000000002
Re.bin.48	0.002097	0.074516	0.484362	0.463003	0.286698	0.258025	0.259568
Re.bin.251	0.0	0.013532	17.493208	0.145669	0.092987	14.748527	0.862212
Ac.bin.2	0.0	0.034055	0.198179	0.081403	0.043125	0.185809	0.11151050000000001
Re.bin.265	0.062678	0.037373	0.072696	0.552744	0.412292	0.166284	1.215589
Ac.bin.413	0.0	0.030235500000000002	0.0501865	0.095449	0.1369245	0.1454105	0.15418300000000001
Ac.bin.386	0.0	0.008945	0.28875300000000004	0.092912	0.06244	0.272114	0.1910135
Ac.bin.381	0.025848	0.113632	0.092172	0.02063	0.014671	0.208995	0.07078
Ac.bin.166	0.0	0.0	0.004584	0.544764	0.536937	0.034579	0.074523
Ac.bin.80	0.0	0.117319	0.03621	0.023208	0.032288	0.076156	0.077697
Ac.bin.30	0.36297	0.061723	0.031328	0.0	0.011563	0.154901	0.118782
Re.bin.215	0.0	0.0	0.010113	0.0	0.0	1.038378	0.019249000000000002
Re.bin.360	0.136435	1.432737	0.003926	0.005894	0.002497	0.021851	0.132966
Ac.bin.63	0.0	0.008789	0.109176	0.16478	0.1261495	0.1832055	0.17944749999999998
Re.bin.79	0.017482	0.040771	0.854328	0.051026	0.074902	0.450604	0.444848
Re.bin.100	15.035706	0.538279	0.000945	0.002133	0.001449	0.001731	0.003078
Ac.bin.199	0.0	0.087099	0.059262	0.037542	0.020454	0.187442	0.096302
Ac.bin.272	0.0	0.009747	0.060019	0.241142	0.223632	0.092588	0.267688
Re.bin.131	0.0011	0.181226	0.240902	0.316719	0.206346	0.598811	0.482162
Re.bin.102	0.0	0.227826	0.673618	0.21733	0.361915	0.283109	0.295116
Ac.bin.32	0.0	0.042356000000000005	0.0629175	0.086198	0.026873	0.1653445	0.152408
Re.bin.49	6.300357	0.15502	0.012225	0.0	0.008957	0.010958	0.013579
Ac.bin.378	0.0	0.023531	0.071762	0.256374	0.235957	0.14551	0.090962
Ac.bin.462	0.0	0.011611	0.06385	0.194038	0.127217	0.16664299999999999	0.164529
Ac.bin.273	0.089066	0.278657	0.0	0.045332	0.197758	0.084885	0.127483
Re.bin.125	0.020032	0.239615	0.860794	0.20488	0.115012	0.968197	0.211779
Ac.bin.282	0.0	0.015365	0.223962	0.070803	0.0745865	0.17990499999999998	0.120744
Ac.bin.455	0.0597835	0.109182	0.533793	0.0	0.060477	0.32728	0.082952
Re.bin.72	0.062385	0.015877	0.038614	0.674154	0.39496	0.026041	0.664596
Re.bin.376	0.314911	0.190836	0.0	0.0	0.0	0.772537	0.0
Ac.bin.333	0.049093	0.067737	0.0596145	0.097375	0.07906250000000001	0.113734	0.12183
Ac.bin.495	0.0	0.034026	0.268802	0.139575	0.2161565	0.247248	0.16804
Re.bin.88	1.330865	4.606646	1.070448	0.021367	0.017097	0.646887	0.036777
Re.bin.242	0.004866	0.010047	2.125753	0.010827	0.01474	1.961699	0.019042
Ac.bin.497	0.0	0.026792499999999997	0.105788	0.07668	0.066477	0.1945285	0.113882
Ac.bin.62	0.0	0.038178	0.168073	0.093201	0.086594	0.216295	0.136895
Re.bin.182	0.0	0.0	0.0	0.741926	0.414254	0.0	0.348237
Re.bin.271	0.050051	0.738118	0.621364	0.0561	0.077291	0.279914	0.142502
Ac.bin.403	0.0	0.06322	0.516093	0.2813545	0.186579	0.305181	0.13715850000000002
Re.bin.47	0.0	0.0	0.02054	2.028436	2.535794	0.005803	1.3933275
Ac.bin.376	0.0	0.8278925	0.26913	0.075972	0.0406405	0.275507	0.228569
Ac.bin.167	0.0	0.004415	0.1557635	0.27731249999999996	0.256718	0.127076	0.188693
Re.bin.42	0.149696	0.521184	0.015195	0.0	0.0	1.444208	0.186173
Re.bin.10	0.001299	0.00825	0.014116	13.219783	12.382057	0.012195	11.480298
Ac.bin.347	0.0219265	0.0529685	0.08632999999999999	0.071342	0.0783065	0.108403	0.139106
Ac.bin.15	0.0	0.0095785	1.1004565	0.11844	0.051995	1.0368689999999998	0.235961
Re.bin.29	0.377953	2.52897	0.00215	0.0	0.0	0.067612	0.0
Ac.bin.358	0.0	0.010092	0.125562	0.28821	0.23998049999999999	0.110769	0.185457
Re.bin.107	0.650387	3.658118	0.002989	0.004204	0.002328	0.023687	0.004274
Re.bin.245	1.814319	0.011121	0.0	0.0	0.0	0.0	0.0
Re.bin.288	0.871776	1.220416	0.056556	0.00901	0.005239	2.525609	0.017666
Ac.bin.123	0.002777	0.036496	0.12705	0.089022	0.072149	0.238143	0.135659
Re.bin.275	0.022236	0.029752	2.164871	0.48918300000000003	0.880159	1.312931	0.427302
Ac.bin.37	0.022761	0.036883	0.130719	0.079515	0.067533	0.172652	0.133041
Ac.bin.317	0.0	0.057776	0.051479	0.036382	0.066038	0.3098145	0.15423599999999998
Ac.bin.383	0.0	0.027551	0.1098005	0.1600785	0.136117	0.129225	0.2558615
Ac.bin.126	0.0	0.07597	0.485589	0.191552	0.177077	0.233822	0.170188
Re.bin.123	0.0	0.003733	1.46202	8.885575	5.035655	1.662508	2.30461
Ac.bin.440	0.067595	0.120064	0.185486	0.0	0.068546	0.296623	0.029256
Ac.bin.68	0.042354	0.171243	0.118238	0.027285	0.051051	0.187705	0.065416
Re.bin.293	0.008289	0.020195	4.878116	0.061552	0.07884	3.465479	0.158166
Ac.bin.416	0.0	0.088081	0.187763	0.133008	0.081083	0.22949	0.241024
Re.bin.249	0.0	0.006457	1.90735	0.017283	0.027988	2.841683	0.049988
Ac.bin.363	0.0	0.009724	0.1043545	0.133668	0.135729	0.087132	0.146828
Ac.bin.246	0.0	0.013431	0.239868	0.091989	0.139839	0.24195	0.160146
Re.bin.189	0.0	0.018457	0.136593	0.790517	0.574346	0.0852875	0.208098
Ac.bin.277	0.030724	0.157883	0.196661	0.016987	0.025042	0.276678	0.0854335
Ac.bin.74	0.0	0.0	0.243745	0.5232034999999999	0.332799	0.131936	0.1993
Re.bin.400	0.0	0.0	0.0	0.0	0.0	0.0	1.453058
Ac.bin.193	0.0	0.038178	0.11145	0.071975	0.045483	0.14769	0.140844
Re.bin.253	0.929878	1.158318	0.012821	0.005166	0.00547	0.028264	0.011575
Ac.bin.460	0.0	0.014508	0.081861	0.182288	0.221392	0.121386	0.20781
Ac.bin.209	0.0	0.00568	0.233768	0.376526	0.542265	1.545216	0.667275
Ac.bin.10	0.013979	0.037274	0.10537099999999999	0.151333	0.119087	0.17364849999999998	0.135872
Ac.bin.357	0.000947	0.009473	0.018666	0.334799	0.28676	0.037053	0.095078
Re.bin.26	0.482407	2.454711	0.034972	0.03588	0.021574	1.515793	0.059117
Ac.bin.147	0.0	0.023823	0.228023	0.1509615	0.13324049999999998	0.211344	0.171186
Re.bin.195	0.0	0.004399	0.91141	0.048687	0.048113	0.331785	0.069522
Re.bin.203	0.305979	9.884963	2.09761	0.282626	0.199709	2.971356	0.477505
Re.bin.106	0.0	0.002757	1.333825	0.005668	0.006475	0.71854	0.009938
Ac.bin.287	0.0	0.026766	0.160374	0.2059565	0.200423	0.22945100000000002	0.212704
Ac.bin.341	0.026515	0.188062	0.037155	0.032143	0.025345	0.172009	0.063942
Re.bin.373	0.0	0.008226	1.187683	0.61734	0.787458	0.599633	0.8030335
Re.bin.274	3.714389	3.530431	0.00803	0.003835	0.011937	0.007991	0.011401
Ac.bin.290	0.0	0.0624395	0.147063	0.041364	0.061505500000000005	0.176748	0.063916
Re.bin.371	5.8896725	0.149262	0.00378	0.003538	0.004649	0.00301	0.005595
Ac.bin.348	0.0	0.092921	1.209408	0.218622	0.424439	0.783234	0.242736
Ac.bin.393	0.104502	0.050702	0.126314	0.035744	0.022778	0.258619	0.073526
Re.bin.142	0.119647	0.64336	0.271204	0.785287	0.437146	0.442003	1.2873744999999999
Ac.bin.491	0.0	0.014459	0.0571965	0.142135	0.150987	0.138177	0.21116
Ac.bin.104	0.0	0.163251	0.2249225	0.0	0.017654	0.30112300000000003	0.062164
Re.bin.38	0.038036	0.011928	0.474029	0.179405	0.136096	0.274902	0.146564
Ac.bin.200	0.048723	1.331981	0.052005	0.0	0.0	0.108735	0.070032
Ac.bin.223	0.0	0.021594	0.185465	0.05243	0.03892	0.2043	0.141494
Re.bin.292	0.00179	0.024233	1.63549	0.015681	0.00982	1.226387	0.180575
Ac.bin.373	0.0	0.017228	0.112461	0.077677	0.135607	0.142862	0.075148
Re.bin.401	0.0	7.4680245	0.036292	0.094883	0.138627	0.079423	0.143824
Re.bin.147	0.0	0.001362	0.009423	1.373189	0.804278	0.010034	1.38947
Ac.bin.95	0.0	0.020305	0.099361	0.205974	0.127726	0.147525	0.140084
Re.bin.234	1.188501	0.593021	0.009874	0.006445	0.004436	0.015882	0.017069
Ac.bin.99	0.0	0.0	0.217262	0.364994	0.094895	0.392041	0.223807
Re.bin.16	0.365155	2.993752	1.338446	0.040779	0.062792	2.811952	0.196097
Ac.bin.420	0.0	0.026476	0.36255800000000005	0.104086	0.093136	0.174345	0.1594585
Re.bin.98	0.033046	0.046036	1.512881	0.18282	0.183036	0.941051	0.259447
Ac.bin.78	0.0	0.0	0.47652799999999995	0.079946	0.066314	0.2884875	0.17253400000000002
Ac.bin.458	0.0	0.0	0.055049	0.389624	0.914523	0.0	0.284724
Ac.bin.13	0.0	0.15575050000000001	0.0547935	0.11571100000000001	0.1228685	0.11147750000000001	0.121108
Re.bin.256	1.661923	2.664498	0.025423	0.005091	0.009567	0.500541	0.012428
Ac.bin.43	0.0	0.019398	0.170326	0.056947	0.061918	0.092448	0.166669
Ac.bin.217	0.003493	0.022905	0.033697	0.002045	0.01764	0.153355	0.29271749999999996
Re.bin.112	0.0	0.0	0.0	1.172035	0.667631	0.0	0.504123
Ac.bin.310	0.0	0.027142	0.287252	0.265028	0.193097	0.299598	0.225102
Ac.bin.183	0.0	0.022432	0.151901	0.163953	0.133006	0.215709	0.120703
Ac.bin.385	0.0	0.0590375	0.096888	0.078559	0.073659	0.168948	0.08928
Ac.bin.278	0.0	0.041045	0.090378	0.077392	0.107745	0.102234	0.098478
Re.bin.40	1.443759	0.562605	6.186866	0.065889	0.045973	4.149854	0.093769
Re.bin.121	0.0	0.015504	0.230276	0.8985135	0.822535	0.120581	0.1842395
Ac.bin.16	0.013236	0.052731	0.299629	0.15512	0.229736	0.354721	0.17597
Ac.bin.297	1.523607	0.346688	0.100369	0.0	0.0	0.071516	0.0
Re.bin.310	0.0	0.0	0.405364	0.008176	0.015898	0.983846	0.0191
Ac.bin.150	0.0	0.0	0.183224	0.195182	0.224485	0.174155	0.102677
Ac.bin.237	0.0	0.053943	0.111983	0.062238	0.064781	0.202057	0.117161
Ac.bin.470	0.0	0.032279	0.165872	0.139415	0.12058	0.102825	0.282743
Re.bin.163	0.033646	0.0	0.75372	0.0	0.0	0.434251	0.003929
Re.bin.217	0.0	0.004455	1.0447815	0.007049	0.004713	0.89731	0.013456
Ac.bin.177	0.0	0.012612	0.099913	0.172709	0.138182	0.155884	0.277273
Ac.bin.142	0.0	0.0766635	0.025194	0.074181	0.0577805	0.0284185	0.1473045
Re.bin.185	0.538665	0.746896	0.127094	0.0	0.0	0.084725	0.0
Ac.bin.252	0.0	0.036711	0.115912	0.154433	0.127285	0.189239	0.178279
Ac.bin.471	0.0026035	0.0056025	0.3491655	0.12770499999999999	0.14266050000000002	0.259517	0.2419535
Re.bin.231	0.0	0.023745	0.7149215	0.00846	0.0	0.329938	0.010125
Re.bin.45	28.349732	12.673621	1.965036	0.016924	0.012875	1.611249	0.02672
Ac.bin.457	0.023726	0.034669	0.054929	0.088812	0.197504	0.183998	0.179941
Ac.bin.96	0.0	0.066899	0.254963	0.114175	0.206032	0.185321	0.21846
Re.bin.162	0.006515	0.015442	2.475157	0.498287	0.683991	1.06746	1.910248
Ac.bin.205	0.1786975	0.34331500000000004	0.036095	0.016548	0.0145255	0.080764	0.018106
Ac.bin.432	0.0	0.042982	0.130509	0.436521	0.337951	0.164502	0.209129
Re.bin.190	0.027101	0.0	0.550112	0.213732	0.16392	0.282683	0.520005
Re.bin.113	0.022762	1.100875	1.736987	0.015602	0.012093	2.006627	0.037142
Ac.bin.427	0.0	0.037735	0.417623	0.151965	0.191648	0.523546	0.187278
Re.bin.390	0.0	0.002386	3.1804875	0.0708225	0.140672	1.5107525	0.202294
Ac.bin.79	0.0	0.019334	0.262837	0.136423	0.164823	0.309185	0.149484
Ac.bin.284	0.0	0.0342	0.134432	0.087089	0.151363	0.25088299999999997	0.2166205
Re.bin.198	0.069593	0.596679	0.46749	0.088259	0.077052	0.236012	0.087026
Ac.bin.311	0.0	0.01539	0.4122715	0.0530365	0.141112	0.334287	0.33844
Ac.bin.210	0.0	0.030739	0.565978	0.557568	0.63386	0.373829	0.978445
Ac.bin.318	0.0	0.038697	0.131448	0.159811	0.148715	0.220173	0.179929
Re.bin.97	0.139628	2.002129	0.006774	0.01178	0.006729	0.03521	0.021115
Ac.bin.429	0.0	0.0	0.41008	0.24526	0.286939	0.341726	0.172323
Re.bin.377	0.027422	0.05253	0.667715	0.039988	0.026917	0.742008	0.590297
Ac.bin.88	0.0	0.008892	0.101079	0.21349	0.234091	0.197915	0.334756
Re.bin.19	0.050143	1.872414	0.26259	0.175544	0.100139	0.124779	0.381343
Re.bin.184	0.019454	0.030955	5.513453	0.067974	0.04274	2.776624	0.246659
Ac.bin.424	0.0	0.015478	0.058753	0.095401	0.090728	0.109561	0.145152
Re.bin.347	6.242302	1.15346	0.0154385	0.008407	0.007443	0.033743	0.01266
Re.bin.41	0.227528	0.824065	2.059925	0.134922	0.289226	0.725239	0.282115
Ac.bin.279	0.015398	0.052442	0.258305	0.108249	0.100358	0.2615955	0.144472
Ac.bin.186	0.0	0.044936	0.145408	0.063389	0.075792	0.16524	0.086639
Re.bin.382	0.2053825	0.525523	4.171381	0.59897	1.231843	1.721568	1.214285
Re.bin.2	0.0	0.0	0.677169	0.273688	0.19095	0.733197	0.157321
Ac.bin.367	0.0	0.040712	0.131502	0.492731	0.398912	0.091738	0.378005
Ac.bin.219	0.114683	0.310184	0.044047	0.007848	0.012511	0.170701	0.014762
Re.bin.219	0.012494	0.016382	2.57854	0.020077	0.018396	1.021176	0.049662
Ac.bin.179	0.0	0.184097	0.213391	0.085745	0.054684	0.309615	0.101779
Re.bin.232	0.0	0.057783	1.687224	0.112725	0.175727	0.774183	0.336909
Ac.bin.155	0.0	0.002098	0.104306	0.310302	0.272112	0.147255	0.189203
Re.bin.312	0.019167	0.109642	0.692705	0.110032	0.058837	0.492373	0.076906
Re.bin.153	4.366177	0.391024	0.007913	0.016154	0.014568	0.00846	0.025614
Re.bin.237	0.0	0.0	0.085061	0.442929	0.245019	0.055792	0.613353
Re.bin.328	2.707601	1.524739	0.020683	0.006825	0.025876	0.656123	0.022711
Re.bin.124	0.0	0.0	1.927222	0.013229	0.02418	0.561452	0.090131
Re.bin.338	0.72193	0.900162	0.007309	0.0	0.0	0.067201	0.009044
Re.bin.66	2.585294	0.43415	0.430842	0.013613	0.008501	0.487518	0.017831
Ac.bin.221	0.005409	0.002521	0.385743	0.366169	0.320327	0.284591	0.096885
Ac.bin.492	0.0	0.041103	0.150879	0.085654	0.07094800000000001	0.22149400000000002	0.13926850000000002
Ac.bin.228	0.013301	0.024211	0.0429185	0.10033249999999999	0.121881	0.061889	0.21399
Ac.bin.178	0.0	0.025554	0.180443	0.089776	0.058512	0.149734	0.092657
Ac.bin.316	0.004989	0.026325	0.067726	0.148037	0.1261855	0.0842655	0.253374
Ac.bin.49	0.001172	0.002169	0.029493	0.370286	0.320925	0.064783	0.083138
Ac.bin.377	0.0	0.041388	0.121028	0.142219	0.084203	0.215243	0.174837
Re.bin.46	0.0	0.004214	0.6118	0.105402	0.094992	0.485175	0.090268
Re.bin.226	0.0	0.0	0.701051	0.945535	0.712842	0.422058	1.989783
Re.bin.166	0.008359	0.064842	2.019142	0.040551	0.066606	1.25536	0.041747
Ac.bin.308	0.0140945	0.569934	0.0	0.0619365	0.028254	0.016802	0.021774
Ac.bin.64	0.0	0.022482	0.123317	0.21648	0.219971	0.172724	0.285347
Ac.bin.157	0.0	0.034335500000000005	0.202116	0.0665335	0.0480265	0.301285	0.230619
Ac.bin.473	0.0	0.05422	0.068973	0.068864	0.074909	0.119838	0.144845
Re.bin.164	5.238048	4.898159	0.007397	0.023059	0.013879	0.021905	0.005379
Ac.bin.14	0.0	0.004207	0.021422	0.714242	0.422713	0.024035	0.363054
Ac.bin.154	0.34123	1.571921	0.31428	0.1980405	0.053097	0.1337635	0.0309335
Re.bin.133	0.719056	0.912414	0.010033	0.0	0.0	0.008322	0.004849
Ac.bin.280	0.0	0.014031	0.242022	0.086769	0.07353	0.279066	0.226866
Ac.bin.156	0.036119	0.018925	0.1194335	0.078196	0.070734	0.14439000000000002	0.181213
Re.bin.96	0.0	0.019688	0.05492	2.094806	3.2505015	0.031221	0.4493835
Ac.bin.51	0.0	0.026986	0.173161	0.283064	0.285458	0.193	0.14975
Ac.bin.66	0.0	0.013691	0.055973	0.200264	0.163761	0.113935	0.288539
Re.bin.65	0.0	0.0	0.006403	1.444147	1.778133	0.005828	1.30143
Re.bin.67	0.0	0.0	0.015726	0.243331	0.158206	0.010499	1.126467
Ac.bin.204	0.035261	0.216882	0.304475	0.16351	0.160539	0.302647	0.320096
Ac.bin.304	0.0	0.012176	0.056182	0.057758	0.052874000000000004	0.088867	0.1277795
Ac.bin.355	0.0	0.081387	0.094375	0.069416	0.066015	0.19159	0.137882
Re.bin.24	0.0	0.026767	0.762233	0.0	0.0	0.400883	0.007423
Re.bin.193	0.212763	2.056325	0.152594	0.00698	0.008015	1.493483	0.11177
Re.bin.228	0.466093	0.960118	0.0	0.0	0.0	0.143089	0.0
Ac.bin.286	0.0	0.01673	0.051376	0.066454	0.093551	0.160265	0.063648
Re.bin.284	0.0	0.0	0.0	0.990594	0.550272	0.0	0.011849
Re.bin.368	0.000568	0.001918	0.031798	3.724495	2.070204	0.016589	0.640626
Re.bin.392	0.0	0.007804	2.648168	0.063639	0.068905	2.041442	0.164327
Ac.bin.114	0.0	0.01108	0.128802	0.196157	0.160495	0.105664	0.140008
Ac.bin.291	0.0	0.0421865	0.0402045	0.125859	0.16145350000000003	0.1070445	0.3334645
Re.bin.352	0.523796	1.918218	0.008126	0.0052255	0.00798	0.016169	0.012408
Ac.bin.152	0.049035	0.049087	0.028207	0.038022	0.060018	0.061299	0.121607
Re.bin.156	0.0	0.0	0.735659	0.813129	1.416003	0.376912	0.631999
Ac.bin.251	0.0078855	0.02524	0.150515	0.1382485	0.14269	0.196909	0.2178795
Ac.bin.388	0.0	0.0	0.091792	0.027722999999999998	0.008876	0.1344825	0.167183
Ac.bin.493	0.0	0.0	0.0210225	0.30358949999999996	0.283765	0.0486495	0.071846
Ac.bin.202	0.0	0.0	0.189014	0.237211	0.247415	0.168522	0.2378
Ac.bin.294	0.839064	0.0	0.188266	0.0	0.059873	0.499453	0.0
Re.bin.129	5.263433	1.194504	0.274055	0.011348	0.028672	1.091491	0.039954
Re.bin.43	3.601368	4.718344	0.024314	0.005393	0.007774	1.097815	0.014563
Ac.bin.372	0.042825	0.242232	0.192289	0.079975	0.025531	0.212209	0.155345
Re.bin.248	0.111498	1.275535	0.005264	0.0	0.0	0.014422	0.0
Re.bin.380	0.218915	7.184863	0.01392	0.026079	0.043155	0.042379	0.040428
Re.bin.345	0.047859	0.830473	3.333959	0.383817	0.807772	1.468705	1.818949
Ac.bin.475	0.0	0.020733	0.092705	0.086525	0.093906	0.116685	0.149692
Re.bin.396	0.0	0.008685	0.748093	0.059055	0.030625	0.308139	0.059127
Ac.bin.398	0.0	0.0	0.235178	0.166347	0.110904	0.36823649999999997	0.140697
Ac.bin.11	0.0	0.015621	0.210406	0.082348	0.074954	0.26994	0.122187
Ac.bin.234	0.0	0.061222	0.188603	0.097877	0.190881	0.186331	0.183393
Ac.bin.108	0.233003	0.3872095	0.674705	0.021221	0.0678	0.62933	0.28696900000000003
Re.bin.109	0.175284	1.925716	0.001247	0.0	0.0	0.231234	0.0
Re.bin.342	0.002832	1.23062	0.007701	0.0	0.0	0.222793	0.0331805
Re.bin.154	0.141256	1.476628	0.0	0.0	0.0	0.0	0.0
Ac.bin.42	0.0	0.039649	0.075138	0.1412	0.160426	0.125887	0.16284
Re.bin.374	0.0	0.0	0.674085	0.014615	0.007755	0.315195	0.014203
Re.bin.230	1.784145	1.338718	0.0124475	0.0	0.005552	0.052459500000000006	0.021025
Ac.bin.453	0.0	0.101405	0.17039	0.233774	0.326066	0.137081	0.067507
Ac.bin.27	0.0	0.002191	0.009565	0.9137065	0.623026	0.0058874999999999995	0.187714
Re.bin.92	2.272108	0.43946	0.0	0.0	0.009302	0.03945	0.0
Ac.bin.58	0.480969	0.148681	0.006706	0.006897	0.004951	0.070689	0.017955
Ac.bin.59	0.131765	0.602339	0.079315	0.027327	0.018449	0.506513	0.035836
Re.bin.90	0.535487	2.006681	4.946853	0.058546	0.106353	3.369127	0.190196
Re.bin.235	0.0	0.0	0.529254	0.3406585	0.293749	0.252847	0.294171
Ac.bin.406	0.009313	0.039457	0.152003	0.144938	0.130465	0.1953005	0.16798
Ac.bin.159	0.0	0.0	0.149968	0.052712	0.0	0.235847	0.188753
Re.bin.359	0.0	0.0	0.051402	1.49428	0.847408	0.030406	1.818947
Re.bin.307	1.153501	0.75818	0.009435	0.0	0.0	0.020342	0.009858
Re.bin.197	0.0	0.0	0.689438	0.025279	0.015913	0.397575	0.072747
Ac.bin.274	0.0	0.046104	0.050339	0.088812	0.12462	0.029523	0.15637
Ac.bin.26	0.014416	0.043541	0.128149	0.106688	0.136845	0.118886	0.123727
Re.bin.73	0.0	0.041481	0.809306	0.078505	0.065942	0.424122	0.6378360000000001
Re.bin.160	0.0	0.017706	0.503366	0.698017	0.996892	0.407366	0.31214
Ac.bin.334	0.0	0.166834	0.1362795	0.19186799999999998	0.0303805	0.0759635	0.0825645
Ac.bin.94	0.057136	0.0841935	0.02441	0.013153	0.018897	0.486992	0.043045
Re.bin.397	0.219986	2.394086	0.020928	0.005628	0.003204	2.900055	0.020555
Ac.bin.61	0.0	0.0	0.119809	0.138606	0.123636	0.196793	0.187349
Ac.bin.303	2.536805	0.130607	0.0	0.0	0.0	0.0	0.061437
Ac.bin.239	0.0	0.0	0.090022	0.39741	0.303002	0.099433	0.237585
Re.bin.191	0.198791	0.589784	0.295883	0.015143	0.02088	3.290473	0.041533
Ac.bin.366	0.699753	0.21436	0.050019	0.0	0.0	0.109451	0.092982
Re.bin.35	0.276355	3.028534	0.036621	0.0	0.0	1.402848	0.038661
Ac.bin.439	0.0	0.05691	0.0900225	0.18948900000000002	0.127758	0.1324025	0.1931365
Ac.bin.338	0.12098	0.25451	0.023317	0.008185	0.026431	0.06303	0.0734755
Re.bin.205	3.313311	0.969406	0.003772	0.002394	0.004793	0.015723	0.007152
Ac.bin.389	0.014233	0.002902	0.014155	0.534947	0.4012	0.017305	0.04864
Ac.bin.139	0.468345	0.278592	0.0	0.032778	0.068112	0.041204	0.055581
Ac.bin.266	0.0	0.004006	0.016799	0.786326	0.812331	0.028403	0.367058
Ac.bin.160	0.045193	0.060003	0.289064	0.075232	0.063444	0.202466	0.49832
Re.bin.375	1.245269	0.102199	0.170846	0.121274	0.09311	0.391031	1.075614
Ac.bin.254	0.0	0.0	0.169733	0.179883	0.181174	0.21987	0.453777
Re.bin.200	0.004229	0.006672	0.750633	0.011209	0.009881	0.447234	0.560266
Ac.bin.478	0.0	0.039874	0.453613	0.200948	0.104737	0.326332	0.202437
Re.bin.95	0.075256	0.196666	0.015903	0.0	0.0	0.764442	0.229508
Ac.bin.56	0.0	0.013934	0.051293	0.1160365	0.162967	0.0671255	0.1431345
Re.bin.300	0.61536	0.60288	0.529028	0.068641	0.07651	0.393209	0.317749
Re.bin.9	2.291061	0.11089	0.038061	0.019288	0.020594	0.027524	0.044923
Ac.bin.7	0.0	0.0	0.24582	0.135996	0.156688	0.1478	0.21036
Re.bin.151	0.423426	1.06108	0.0	0.0	0.0	0.009653	0.0
Ac.bin.172	0.0	0.057276	0.085868	0.140737	0.121196	0.112591	0.148383
Ac.bin.47	0.0	0.008809	0.11713	0.450327	0.311771	0.135859	0.103974
Re.bin.277	0.0	0.010144	0.0226045	0.919987	1.478827	0.012561	0.081342
Ac.bin.233	0.0	0.0	0.172982	0.502846	0.207639	0.152339	0.168163
Ac.bin.169	0.0	0.005591	0.0074375	0.41954400000000003	0.1169505	0.030754000000000004	0.390826
Ac.bin.256	0.0	0.0	0.106116	0.327984	0.32424	0.128561	0.246172
Re.bin.262	0.005653	0.007696	1.551125	3.729256	2.085347	0.88293	3.222544
Ac.bin.244	0.0	0.0	0.10931550000000001	0.09639800000000001	0.089777	0.117946	0.1660265
Re.bin.339	0.015978	0.38942	0.504709	0.0	0.011759	0.325638	0.0
Ac.bin.136	0.0	0.020428	0.0636265	0.11538	0.106599	0.139799	0.103837
Ac.bin.428	0.021599	0.032548	0.159405	0.121209	0.106399	0.239319	0.219666
Re.bin.220	0.295297	2.642128	0.01521	0.012873	0.012817	0.018259	0.02174
Ac.bin.22	0.0	0.026032	0.168102	0.1474315	0.1524875	0.0979245	0.13268950000000002
Ac.bin.20	0.612288	1.081623	0.030007	0.013851	0.003178	0.034295	0.022287
Ac.bin.390	0.0	0.016147	0.036485	0.041036	0.044373	0.143734	0.221154
Re.bin.221	0.042607	0.675003	5.367656	0.044103	0.027967	4.923762	2.883433
Ac.bin.263	0.0	0.109698	0.336986	0.061988	0.017425	0.2962905	0.17530949999999998
Re.bin.208	0.096703	1.359447	0.004833	0.01344	0.012065	0.006766	0.162665
Re.bin.94	4.175482	2.554283	0.053085	0.035633	0.037629	0.039601	0.055342
Re.bin.259	0.0	0.017524	5.800031	0.086804	0.128603	2.809339	1.206871
Re.bin.276	0.0	0.0	0.0	0.85662	0.669474	0.0	0.040133
Ac.bin.57	0.0	0.042783	0.0218355	0.116925	0.090586	0.063159	0.137612
Re.bin.204	0.018331	0.191482	1.47509	0.022061	0.047605	0.596442	0.150234
Ac.bin.232	0.0	0.009763	0.127619	0.221151	0.25378	0.136015	0.228694
Ac.bin.175	0.002279	0.014711	0.252093	0.345313	0.177749	0.243769	0.248724
Ac.bin.368	0.0	0.0	0.42033750000000003	0.3632465	0.13662950000000001	0.26509699999999997	0.4098345
Ac.bin.85	0.006194	0.023678	0.017657	0.101916	0.068879	0.272186	0.095573
Re.bin.145	0.021955	0.055225	1.051491	0.086732	0.056317	0.853829	0.042331
Ac.bin.148	0.015311	0.118401	0.249415	0.117071	0.148625	0.247866	0.215738
Ac.bin.305	0.025113000000000003	0.046321	0.188028	0.07939550000000001	0.10980899999999999	0.1505325	0.21663749999999998
Re.bin.33	0.0	0.0	0.218524	0.258279	0.151072	0.197798	2.001449
Re.bin.295	0.236577	0.8761760000000001	0.051427	0.0	0.0	0.24069649999999998	0.014314
Ac.bin.187	0.0	0.038439	0.18307849999999998	0.183555	0.141543	0.292085	0.289067
Re.bin.175	1.678452	0.134082	0.017603	0.017201	0.012905	0.083562	0.042091
Ac.bin.342	0.0	0.0	0.179952	0.287544	0.129394	0.172008	0.184349
Re.bin.15	0.0	0.001402	0.00356	1.820987	1.038234	0.002647	3.588931
Ac.bin.476	0.017721	0.187647	0.087195	0.048885	0.028299	0.233371	0.13505
Ac.bin.25	0.0	0.0339565	0.2900595	0.174541	0.158732	0.3350875	0.2408625
Ac.bin.344	0.0	0.0	0.030714	0.078739	0.507732	0.071452	0.125342
Re.bin.13	0.0	0.0	0.007618	0.610043	0.376944	0.005514	1.124335
Ac.bin.18	0.0	0.0	0.071483	0.154434	0.170242	0.085062	0.136829
Ac.bin.133	3.079212	3.5675425	0.737496	0.149138	0.091612	1.214654	0.298763
Re.bin.334	0.040445	0.048149	0.959298	0.006227	0.014306	0.998163	0.082012
Re.bin.305	0.295727	1.059132	0.962023	0.005097	0.010825	1.454563	0.059757
Re.bin.229	1.549104	0.336165	0.0	0.0	0.0	0.0	0.0
Re.bin.267	4.750222	0.253319	0.013248	0.012785	0.007198	0.09408	0.018548
Ac.bin.351	0.024108	0.018352	0.193735	0.298861	0.235116	0.294409	0.102512
Ac.bin.162	0.0876125	0.0925985	0.007625	0.0	0.06740650000000001	0.016524	0.053939
Re.bin.355	12.613224	3.749621	0.027043499999999998	0.010389	0.014467	0.037843	0.014526
Re.bin.398	0.038876	0.061526	1.068426	0.22783	0.14703	0.621771	0.56178
Re.bin.157	0.074428	0.518956	0.306986	0.0	0.0	0.32014	0.014554
Ac.bin.405	0.076582	0.168477	0.021239	0.0608025	0.065475	0.020931	0.034824
Re.bin.77	0.073398	13.018544	0.009776	0.013636	0.008771	0.030254	0.018283
Re.bin.318	0.019624	0.032438	2.472869	0.016738	0.032999	2.229394	0.052863
Re.bin.155	0.0	0.0	0.271024	0.504713	0.283848	0.141819	0.913887
Ac.bin.235	0.019835	0.093237	0.312578	0.12502950000000002	0.1393865	0.34748	0.115971
Ac.bin.250	0.0	0.014654	0.0939265	0.267212	0.2427805	0.124219	0.1065825
Ac.bin.431	0.0	0.022969	0.294335	0.259215	0.633117	0.182846	0.257762
Ac.bin.230	0.0	0.050192	0.035861000000000004	0.101449	0.100405	0.1129685	0.225261
Re.bin.285	0.0	0.324242	0.025143	0.01254	0.0	0.970803	0.025036
Ac.bin.364	0.0	0.025672	0.1164165	0.127007	0.128922	0.18217	0.1266545
Re.bin.37	0.0	0.0	0.224594	0.435238	0.243188	0.11085	0.941596
Ac.bin.143	0.0	0.0	0.0571085	0.329018	0.284459	0.070412	0.446195
Re.bin.225	2.459651	0.079396	0.001996	0.00218	0.001129	0.001441	0.003012
Re.bin.353	0.0	1.347563	0.038912	0.041341	0.039742	0.045054	0.107508
Re.bin.227	1.098694	1.285066	0.053551	0.0	0.0089995	0.0740025	0.014139
Re.bin.36	0.0	0.00111	0.002958	1.149203	0.620056	0.001277	0.193762
Ac.bin.365	0.0	0.055912500000000004	0.2129765	0.094837	0.105403	0.198339	0.166674
Ac.bin.409	0.0	0.0	0.18935	0.104284	0.108236	0.184384	0.247766
Ac.bin.132	0.0	0.074833	0.067673	0.056726	0.0609875	0.1640705	0.073195
Re.bin.115	0.0	0.0	0.41895249999999995	0.123078	0.072514	0.258287	0.316702
Ac.bin.53	0.345417	0.34421	0.0	0.0	0.026946	0.25409	0.0
Ac.bin.130	0.0	0.391932	0.23833900000000002	0.0	0.0	0.251723	0.030946
Re.bin.169	0.333809	0.391025	0.657272	0.015629	0.021644	0.583149	0.034175
Ac.bin.486	0.0	0.023733499999999998	0.048239500000000005	0.236131	0.2523485	0.0693995	0.1796685
Ac.bin.24	0.0	0.0	0.131097	0.40109249999999996	0.3615415	0.151592	0.234558
Re.bin.86	5.608824	0.132643	0.010615	0.011643	0.007132	0.125976	0.023285
Ac.bin.322	0.0	0.070925	0.236588	0.12723	0.112293	0.233382	0.18936399999999998
Re.bin.308	0.022252	0.01791	0.026396	0.506507	0.350214	0.018313	2.050971
Ac.bin.276	0.0	0.144783	0.26369	0.031999	0.0330535	0.2938855	0.100383
Ac.bin.19	0.0	0.0	0.078181	0.369767	0.390118	0.175026	0.460293
Ac.bin.55	0.0	0.06039800000000001	0.260743	0.096938	0.0908625	0.199928	0.1609515
Re.bin.349	0.003661	0.004209	0.761877	0.572509	0.464521	0.465264	1.322527
Ac.bin.8	0.0	0.041289	0.073046	0.037919	0.044583	0.190026	0.060047
Ac.bin.113	0.0	0.0631195	0.0674615	0.15663	0.052498	0.079196	0.161549
Ac.bin.83	0.0	0.009433	0.03669	0.43131149999999996	0.2299545	0.07325799999999999	0.287595
Ac.bin.264	0.037224	0.121751	0.10295750000000001	0.012603	0.05869	0.20734750000000002	0.066705
Re.bin.81	0.0	0.000803	0.001166	2.704457	1.529518	0.001136	0.221382
Ac.bin.65	0.1215715	0.235457	0.16834500000000002	0.018915	0.0511855	0.209023	0.070952
Re.bin.181	0.0	0.017602	1.103458	0.4638425	1.051677	0.473054	0.32786
Re.bin.350	0.181544	0.166025	0.56536	0.0	0.010592	0.9920805	0.156495
Re.bin.103	1.055553	1.276177	0.013107	0.008599	0.01156	0.288944	0.017017
Ac.bin.415	0.026157	0.021566	0.076237	0.054346	0.070789	0.225402	0.196056
Ac.bin.255	0.0	0.018997	0.2852765	0.173328	0.181505	0.124835	0.211921
Re.bin.222	0.0	0.0	0.003447	1.294793	0.913054	0.0	0.9475595
Ac.bin.479	0.0	0.080432	0.155376	0.086066	0.060926	0.301177	0.120959
Re.bin.239	0.139423	2.131641	0.002677	0.002313	0.001445	0.002231	0.003412
Re.bin.158	6.62877	0.131156	0.001083	0.0	0.002693	0.039295	0.006824
Re.bin.138	1.70339	0.0	0.0	0.0	0.0	0.0	0.0
Ac.bin.212	0.0	0.031496	0.044391	0.146093	0.135903	0.141725	0.126006
Re.bin.246	0.309595	1.41756	0.0	0.0	0.004015	0.004911	0.008567
Re.bin.306	0.0	0.030422	2.04444	0.328402	0.593406	0.738266	0.41054999999999997
Re.bin.297	0.220419	0.6967570000000001	0.1522075	0.0	0.0	0.171491	0.0
Re.bin.101	0.0	0.0	0.0	0.85806	0.736796	0.0	0.035213
Ac.bin.306	0.0	0.0166345	0.040977	0.31294299999999997	0.2492015	0.08898600000000001	0.188548
Ac.bin.370	0.084122	0.0635815	0.00469	0.114389	0.142503	0.06591	0.034704
Re.bin.357	1.752491	0.363281	0.009271	0.0	0.0	0.019975	0.013769
Ac.bin.218	0.0	0.001562	0.032857	0.261947	0.224215	0.072865	0.292565
Ac.bin.397	2.082502	0.766261	0.018769	0.0	0.023209	0.146355	0.013638
Ac.bin.6	0.017999	0.091119	0.091903	0.036058	0.05254	0.157286	0.133197
Ac.bin.87	0.0	0.0	0.056973	0.749504	0.77592	0.070839	0.091631
Ac.bin.134	0.0	0.017752	0.09507199999999999	0.185929	0.1836895	0.152302	0.185097
Ac.bin.3	0.932364	0.6223015	0.123576	0.0106145	0.033221	0.177161	0.037947999999999996
Re.bin.358	0.0	0.000955	0.013258	0.950568	0.516323	0.007111	0.752122
Re.bin.34	0.0	0.0	0.457961	0.871268	1.057532	0.257522	0.420655
Re.bin.7	0.768833	16.566132	0.026479	0.011742	0.015012	0.060525	0.01762
Re.bin.117	0.362915	1.144014	0.007357	0.00423	0.00299	0.167361	0.008658
Ac.bin.86	0.0	0.050256	0.068318	0.138661	0.123666	0.121031	0.067436
Ac.bin.102	0.00411	0.035466	0.1811	0.635673	0.695879	0.085692	0.435315
Re.bin.61	0.586024	1.857864	0.004293	0.0	0.0	0.108449	0.006857
Ac.bin.151	0.733182	2.730869	0.028772	0.0	0.02057	0.054097	0.024181
Ac.bin.111	0.0	0.009023	0.091742	0.20557599999999998	0.0959405	0.191783	0.139583
Ac.bin.446	0.0	0.0	0.040004	0.232562	0.098983	0.116006	0.043675
Re.bin.313	0.264051	1.395989	0.022564	0.0	0.007552	1.216106	0.039202
Ac.bin.461	0.0	0.0435735	0.092845	0.193322	0.208397	0.1472595	0.1915375
Re.bin.223	0.369275	0.02489	0.4771295	0.126983	0.074184	0.498549	0.2545355
Ac.bin.248	0.0	0.054012	0.049247	0.073282	0.173373	0.074555	0.129155
Ac.bin.327	0.0	0.023579000000000003	0.21495750000000002	0.070748	0.054022	0.311205	0.15836
Re.bin.238	0.0	0.008448	2.067121	2.336127	1.525346	1.602413	1.030783
Ac.bin.410	0.0	0.045148	0.116403	0.054336	0.070033	0.241853	0.123867
Ac.bin.325	0.0	0.0493	0.099549	0.0594905	0.0758065	0.24904300000000001	0.1136095
Ac.bin.194	0.124284	0.48856	0.372469	0.017145	0.010568	0.570831	0.077955
Ac.bin.396	0.0	0.011573	0.181343	0.10684550000000001	0.11502299999999999	0.217549	0.143389
Re.bin.53	3.0221020000000003	0.907995	0.010401	0.0	0.0	0.104242	0.009765
Ac.bin.463	0.00501	0.000984	0.060841	0.170978	0.154177	0.178686	0.168838
Ac.bin.296	0.012299	0.045329	0.13145	0.048866	0.0527385	0.1859005	0.08314
Ac.bin.125	0.140187	0.43920499999999996	0.074636	0.019671	0.014681	0.566697	0.074273
Ac.bin.494	0.0	0.036813	0.17039	0.140267	0.11976	0.206422	0.12787
Ac.bin.307	0.0	0.046776	0.071251	0.113831	0.098971	0.089677	0.044859
Ac.bin.500	0.0	0.004359	0.076449	0.18920399999999998	0.2221645	0.093092	0.146583
Ac.bin.421	0.001239	0.000765	0.003379	1.01139	1.01243	0.001446	0.035499
Ac.bin.31	0.014884	0.035996	0.087057	0.066361	0.058408	0.16238	0.149413
Re.bin.261	0.0	0.0	0.02663	0.99844	0.930775	0.013342	0.201114
Re.bin.136	0.0	0.002557	2.341761	5.6767195	3.3543675000000004	1.8219425	0.174746
Ac.bin.105	0.449316	0.555474	0.161109	0.031291	0.051124	0.135528	0.029342
Ac.bin.262	0.0	0.010231	0.11147	0.138323	0.203117	0.175926	0.210489
Ac.bin.417	0.0	0.022064	0.114956	0.14054850000000002	0.0910415	0.180909	0.1896025
Re.bin.183	0.0	0.0	1.107718	0.026011	0.032703	0.439181	0.09776
Re.bin.302	0.045092	2.202896	0.001636	0.001665	0.0	0.106907	0.003423
Re.bin.14	0.039069	0.023235	0.5625765	0.142785	0.129124	0.361505	0.502577
Ac.bin.343	0.0	0.0	0.21748	0.239924	0.236944	0.288014	0.426476
Ac.bin.467	0.0	0.0	0.136452	0.109584	0.093539	0.325594	0.098825
Ac.bin.75	0.0	0.021473	0.086016	0.0524335	0.082084	0.1208555	0.08025399999999999
Ac.bin.288	0.0	0.031452	0.196591	0.095162	0.148005	0.225224	0.190228
Re.bin.286	0.736892	0.680904	0.0	0.0	0.0	0.121458	0.0
Ac.bin.346	0.0	0.412498	0.0	0.201808	0.077382	0.039047	0.213246
Re.bin.11	1.298555	0.391337	0.138187	0.0	0.0	0.083948	0.037128
Ac.bin.454	0.0	0.058276	0.283325	0.054767	0.328401	0.314895	0.0
Re.bin.394	0.217023	1.5990630000000001	0.007836	0.0	0.005174	0.131932	0.008164
Ac.bin.215	0.0	0.01836	0.044714	0.03887	0.102845	0.089176	0.075947
Re.bin.304	1.881453	1.140993	0.002698	0.002448	0.00262	0.015868	0.003174
Ac.bin.107	0.0	0.038627499999999995	0.09424199999999999	0.1616855	0.1421	0.152394	0.136416
Ac.bin.502	0.0	0.04946	0.126434	0.20498	0.153176	0.208932	0.176676
Re.bin.244	0.018819	0.012381	0.267978	0.374521	0.210958	0.158303	0.370765
Ac.bin.451	0.0	0.0	0.067434	0.32372449999999997	0.22989500000000002	0.1135625	0.3651025
Re.bin.327	0.260343	0.638135	0.018787	0.018092	0.019009	0.811341	0.087998
Ac.bin.158	0.0	0.058183	0.259821	0.283581	0.212138	0.27691	0.186116
Re.bin.18	0.0	0.004788	0.00658	1.364283	1.189934	0.004607	2.895979
Ac.bin.174	0.0	0.017801	0.174739	0.073046	0.064319	0.143935	0.06848
Ac.bin.382	0.0	0.041448	0.105772	0.242111	0.266406	0.102676	0.16071
Ac.bin.149	0.0	0.0902915	0.19665149999999998	0.0214765	0.0256415	0.323142	0.112568
Ac.bin.84	0.0	0.009378	0.044722	0.332469	0.381135	0.14671	0.1597515
Ac.bin.387	0.0	0.02519	0.073334	0.194192	0.133086	0.069041	0.184133
Re.bin.63	0.958127	0.714844	0.005982	0.0	0.0	0.018531	0.004561
